0 1620
1 1371
2 1672
3 1244
4 1246
5 1682
6 1530
7 1426
8 1337
9 1055
10 1525
11 232
12 795
13 196
14 1242
15 654
16 1411
17 632
18 791
19 1514
20 125
21 864
22 1678
23 437
24 709
25 439
26 576
27 1018
28 587
29 1737
30 1745
31 1386
32 1455
33 491
34 117
35 159
36 174
37 247
38 1136
39 816
40 1194
41 1186
42 1015
43 1178
44 48
45 1669
46 556
47 320
48 1282
49 37
50 245
51 1714
52 110
53 1581
54 381
55 1542
56 1093
57 207
58 1683
59 1632
60 1362
61 899
62 1704
63 660
64 1064
65 1096
66 185
67 1266
68 628
69 112
70 458
71 594
72 903
73 1641
74 385
75 1456
76 263
77 807
78 1403
79 1346
80 1536
81 1333
82 479
83 534
84 651
85 1569
86 572
87 1445
88 119
89 950
90 501
91 1664
92 329
93 1268
94 1527
95 518
96 354
97 705
98 1349
99 47
100 1061
101 1180
102 567
103 1493
104 646
105 790
106 1230
107 486
108 1761
109 1422
110 768
111 1058
112 77
113 736
114 316
115 265
116 53
117 449
118 1653
119 333
120 78
121 89
122 906
123 419
124 1698
125 283
126 1397
127 303
128 1440
129 1521
130 1494
131 620
132 1580
133 680
134 602
135 1649
136 1425
137 221
138 309
139 1764
140 663
141 975
142 690
143 452
144 1109
145 1405
146 985
147 1243
148 535
149 1610
150 934
151 1439
152 915
153 1145
154 1351
155 1715
156 1717
157 1575
158 8
159 376
160 1566
161 1329
162 826
163 1697
164 154
165 1150
166 1431
167 1730
168 90
169 1559
170 980
171 236
172 1563
173 481
174 384
175 1111
176 820
177 636
178 1481
179 588
180 1591
181 498
182 16
183 177
184 1461
185 1311
186 1750
187 412
188 1608
189 1147
190 135
191 1497
192 1420
193 1509
194 396
195 429
196 1544
197 249
198 136
199 1482
200 1695
201 1746
202 1193
203 1343
204 65
205 1392
206 158
207 831
208 1414
209 933
210 1421
211 1196
212 1702
213 946
214 1675
215 821
216 697
217 446
218 1074
219 989
220 1607
221 441
222 772
223 62
224 278
225 302
226 164
227 752
228 992
229 1762
230 455
231 1401
232 1142
233 215
234 1065
235 1586
236 684
237 228
238 1507
239 701
240 1652
241 814
242 1712
243 1321
244 1377
245 545
246 716
247 1360
248 1157
249 855
250 1165
251 1518
252 116
253 1582
254 133
255 178
256 1753
257 240
258 1069
259 1407
260 1085
261 260
262 432
263 291
264 310
265 1189
266 371
267 494
268 1212
269 517
270 1471
271 267
272 867
273 1434
274 758
275 596
276 751
277 652
278 573
279 94
280 1666
281 480
282 555
283 1648
284 948
285 180
286 255
287 1538
288 1576
289 1007
290 1331
291 925
292 1473
293 1107
294 286
295 1024
296 611
297 548
298 1238
299 1051
300 150
301 1383
302 368
303 1356
304 1022
305 269
306 1558
307 1110
308 343
309 1568
310 1288
311 1301
312 252
313 698
314 1300
315 1176
316 693
317 1234
318 1696
319 1169
320 490
321 1313
322 657
323 578
324 830
325 961
326 1699
327 1129
328 1722
329 1437
330 216
331 1656
332 181
333 902
334 994
335 940
336 512
337 783
338 1095
339 869
340 796
341 49
342 991
343 863
344 1100
345 487
346 1250
347 76
348 331
349 965
350 1089
351 1634
352 1647
353 147
354 1203
355 1087
356 996
357 1164
358 1554
359 1476
360 1256
361 1616
362 120
363 1062
364 1045
365 570
366 1363
367 1138
368 859
369 766
370 981
371 1299
372 1277
373 1520
374 139
375 1094
376 276
377 1516
378 802
379 959
380 549
381 58
382 1088
383 1218
384 923
385 1630
386 499
387 1060
388 1677
389 151
390 149
391 565
392 1013
393 883
394 955
395 1522
396 942
397 765
398 72
399 974
400 454
401 1302
402 1534
403 1633
404 366
405 373
406 1003
407 769
408 1341
409 1026
410 1195
411 423
412 313
413 99
414 1713
415 893
416 1524
417 1318
418 1303
419 1384
420 583
421 60
422 397
423 734
424 1680
425 355
426 345
427 918
428 272
429 1254
430 1214
431 13
432 18
433 1528
434 1042
435 896
436 865
437 785
438 1703
439 618
440 706
441 1398
442 1309
443 457
444 1297
445 1210
446 846
447 1613
448 370
449 130
450 153
451 141
452 1545
453 1140
454 1727
455 407
456 1693
457 466
458 351
459 93
460 492
461 1023
462 937
463 737
464 538
465 29
466 656
467 473
468 696
469 799
470 1741
471 1073
472 1550
473 951
474 1184
475 964
476 972
477 625
478 45
479 727
480 510
481 1086
482 1572
483 1444
484 1754
485 907
486 203
487 541
488 390
489 547
490 1600
491 653
492 268
493 40
494 1167
495 4
496 86
497 1216
498 30
499 1352
500 57
501 1367
502 1446
503 970
504 206
505 676
506 1132
507 1270
508 1006
509 1557
510 113
511 10
512 1721
513 1148
514 1466
515 214
516 1067
517 1239
518 1734
519 640
520 1171
521 1159
522 1310
523 1231
524 689
525 1
526 387
527 1470
528 6
529 374
530 364
531 1021
532 1760
533 957
534 426
535 277
536 1539
537 1054
538 590
539 526
540 1590
541 1705
542 1037
543 314
544 191
545 1592
546 643
547 1226
548 171
549 849
550 348
551 1174
552 1490
553 853
554 1375
555 1322
556 1585
557 1749
558 843
559 287
560 1198
561 794
562 212
563 979
564 197
565 1059
566 1410
567 1533
568 393
569 1474
570 416
571 1345
572 237
573 847
574 1357
575 17
576 613
577 1651
578 362
579 1529
580 623
581 621
582 1480
583 711
584 858
585 324
586 856
587 888
588 1684
589 1004
590 406
591 954
592 1325
593 1032
594 483
595 1330
596 913
597 658
598 428
599 916
600 1646
601 1098
602 326
603 259
604 532
605 725
606 1505
607 872
608 580
609 1415
610 1223
611 1593
612 1628
613 1692
614 1222
615 261
616 608
617 1394
618 1617
619 1489
620 815
621 294
622 537
623 463
624 163
625 356
626 529
627 554
628 694
629 184
630 1627
631 97
632 146
633 600
634 1510
635 1049
636 645
637 1565
638 1028
639 239
640 34
641 472
642 949
643 104
644 25
645 495
646 160
647 840
648 1027
649 1355
650 773
651 1462
652 641
653 825
654 1206
655 281
656 997
657 341
658 27
659 1116
660 614
661 894
662 1639
663 1182
664 35
665 638
666 1079
667 1637
668 1048
669 754
670 1484
671 1503
672 1082
673 973
674 230
675 148
676 173
677 935
678 568
679 775
680 1720
681 1642
682 1173
683 179
684 1335
685 1106
686 1208
687 1578
688 604
689 659
690 271
691 586
692 647
693 1220
694 1245
695 306
696 1596
697 489
698 420
699 224
700 298
701 92
702 1298
703 930
704 838
705 1472
706 1057
707 1001
708 337
709 874
710 1091
711 1673
712 417
713 357
714 1056
715 394
716 1205
717 787
718 220
719 1066
720 334
721 168
722 299
723 1598
724 1141
725 484
726 1275
727 1690
728 353
729 1292
730 607
731 43
732 1665
733 246
734 1151
735 1766
736 670
737 1121
738 1197
739 1185
740 1233
741 895
742 760
743 1495
744 1090
745 960
746 1149
747 546
748 924
749 39
750 1707
751 1464
752 603
753 1155
754 798
755 771
756 1603
757 1016
758 192
759 256
760 829
761 661
762 1156
763 1508
764 882
765 1757
766 410
767 850
768 533
769 1339
770 805
771 476
772 1179
773 1273
774 123
775 1039
776 506
777 402
778 165
779 1388
780 892
781 1340
782 1430
783 1044
784 1380
785 1207
786 1567
787 126
788 1515
789 1748
790 1435
791 115
792 1108
793 515
794 909
795 266
796 1743
797 176
798 897
799 225
800 1631
801 349
802 1219
803 342
804 295
805 967
806 801
807 22
808 598
809 1611
810 1543
811 0
812 1162
813 1604
814 1227
815 1638
816 1614
817 358
818 1278
819 1081
820 1501
821 762
822 226
823 1560
824 1009
825 1161
826 747
827 731
828 365
829 462
830 1248
831 270
832 877
833 382
834 1635
835 1723
836 1671
837 1130
838 681
839 1659
840 273
841 1424
842 142
843 1413
844 757
845 761
846 662
847 194
848 742
849 1166
850 1454
851 1417
852 891
853 520
854 235
855 1457
856 66
857 315
858 436
859 511
860 95
861 1488
862 1609
863 1374
864 898
865 1747
866 167
867 1468
868 1025
869 612
870 433
871 1502
872 665
873 323
874 1736
875 672
876 1364
877 1512
878 377
879 1146
880 1447
881 1263
882 346
883 601
884 723
885 890
886 956
887 73
888 1644
889 233
890 673
891 1002
892 1225
893 1574
894 722
895 456
896 786
897 155
898 274
899 275
900 1428
901 132
902 1139
903 1291
904 952
905 340
906 818
907 1358
908 753
909 1579
910 296
911 540
912 1344
913 1732
914 516
915 1099
916 1385
917 257
918 444
919 688
920 172
921 619
922 1370
923 743
924 710
925 157
926 46
927 1112
928 1120
929 1030
930 327
931 939
932 1232
933 1663
934 1286
935 728
936 901
937 1491
938 1759
939 9
940 845
941 720
942 945
943 1324
944 509
945 597
946 405
947 421
948 332
949 675
950 1046
951 1306
952 860
953 1287
954 404
955 1504
956 3
957 209
958 1597
959 730
960 1262
961 503
962 367
963 391
964 105
965 593
966 189
967 42
968 1402
969 243
970 28
971 193
972 842
973 1261
974 936
975 606
976 744
977 280
978 1640
979 514
980 932
981 186
982 338
983 183
984 32
985 1687
986 929
987 1338
988 82
989 779
990 637
991 1531
992 1326
993 1114
994 1691
995 774
996 1382
997 1304
998 1308
999 927
1000 857
1001 1486
1002 633
1003 297
1004 823
1005 347
1006 1315
1007 478
1008 264
1009 1477
1010 575
1011 312
1012 1209
1013 905
1014 1038
1015 258
1016 599
1017 122
1018 1667
1019 1452
1020 627
1021 1199
1022 234
1023 223
1024 1019
1025 1626
1026 962
1027 301
1028 7
1029 26
1030 976
1031 1606
1032 966
1033 198
1034 127
1035 1053
1036 990
1037 1449
1038 922
1039 1731
1040 971
1041 777
1042 11
1043 339
1044 424
1045 145
1046 108
1047 1599
1048 188
1049 1618
1050 204
1051 650
1052 1442
1053 1253
1054 678
1055 386
1056 519
1057 369
1058 1622
1059 595
1060 1668
1061 544
1062 921
1063 69
1064 290
1065 557
1066 500
1067 1541
1068 1373
1069 175
1070 1284
1071 321
1072 1040
1073 307
1074 15
1075 1681
1076 755
1077 639
1078 1526
1079 118
1080 900
1081 1118
1082 1660
1083 1441
1084 1084
1085 1686
1086 886
1087 121
1088 1137
1089 170
1090 414
1091 471
1092 1395
1093 1588
1094 1257
1095 1546
1096 1744
1097 528
1098 400
1099 166
1100 1072
1101 411
1102 248
1103 691
1104 1460
1105 1409
1106 262
1107 1350
1108 1629
1109 1475
1110 982
1111 733
1112 425
1113 1700
1114 1316
1115 1134
1116 378
1117 1296
1118 810
1119 695
1120 804
1121 685
1122 920
1123 729
1124 14
1125 1314
1126 1158
1127 1010
1128 1188
1129 140
1130 735
1131 1153
1132 1594
1133 1423
1134 1496
1135 634
1136 671
1137 542
1138 1726
1139 1478
1140 143
1141 1427
1142 1661
1143 447
1144 917
1145 1605
1146 448
1147 202
1148 1201
1149 1119
1150 1742
1151 848
1152 83
1153 1280
1154 630
1155 1307
1156 1327
1157 1467
1158 241
1159 380
1160 1406
1161 1217
1162 1076
1163 1080
1164 289
1165 388
1166 836
1167 811
1168 1276
1169 1068
1170 1043
1171 953
1172 156
1173 832
1174 562
1175 861
1176 513
1177 530
1178 539
1179 1540
1180 496
1181 986
1182 1492
1183 1517
1184 102
1185 854
1186 828
1187 837
1188 1416
1189 1601
1190 482
1191 1005
1192 1075
1193 1709
1194 199
1195 919
1196 1228
1197 738
1198 988
1199 231
1200 505
1201 1676
1202 1249
1203 84
1204 1595
1205 200
1206 741
1207 1458
1208 833
1209 1008
1210 1361
1211 88
1212 254
1213 721
1214 1390
1215 288
1216 563
1217 908
1218 1589
1219 1353
1220 1551
1221 707
1222 251
1223 1252
1224 1548
1225 978
1226 1294
1227 1267
1228 1537
1229 328
1230 1624
1231 1535
1232 131
1233 1128
1234 229
1235 524
1236 442
1237 1724
1238 1740
1239 1113
1240 800
1241 1215
1242 1347
1243 1274
1244 1342
1245 629
1246 304
1247 1133
1248 561
1249 1463
1250 1104
1251 1655
1252 445
1253 969
1254 253
1255 1289
1256 137
1257 464
1258 1650
1259 1200
1260 1506
1261 1658
1262 1126
1263 1285
1264 413
1265 1290
1266 162
1267 1670
1268 635
1269 703
1270 1465
1271 724
1272 1323
1273 873
1274 1725
1275 1615
1276 667
1277 81
1278 746
1279 1751
1280 1175
1281 67
1282 605
1283 732
1284 475
1285 109
1286 719
1287 1562
1288 1312
1289 418
1290 642
1291 1237
1292 1259
1293 931
1294 361
1295 1459
1296 1419
1297 1271
1298 617
1299 44
1300 756
1301 244
1302 780
1303 1035
1304 668
1305 1479
1306 134
1307 1052
1308 1115
1309 664
1310 474
1311 24
1312 383
1313 788
1314 217
1315 1078
1316 687
1317 282
1318 1241
1319 585
1320 71
1321 1625
1322 910
1323 403
1324 1643
1325 782
1326 1728
1327 767
1328 19
1329 211
1330 250
1331 835
1332 764
1333 190
1334 1125
1335 431
1336 360
1337 1519
1338 468
1339 54
1340 56
1341 389
1342 851
1343 1295
1344 1733
1345 525
1346 33
1347 38
1348 1202
1349 336
1350 1387
1351 1448
1352 1105
1353 20
1354 124
1355 876
1356 983
1357 631
1358 1033
1359 55
1360 1293
1361 679
1362 1552
1363 1571
1364 702
1365 461
1366 128
1367 571
1368 1487
1369 1281
1370 50
1371 866
1372 64
1373 566
1374 1135
1375 98
1376 622
1377 644
1378 469
1379 375
1380 879
1381 477
1382 862
1383 868
1384 574
1385 1152
1386 792
1387 543
1388 1485
1389 213
1390 1328
1391 993
1392 1621
1393 589
1394 615
1395 941
1396 222
1397 1235
1398 1127
1399 409
1400 552
1401 1391
1402 1758
1403 926
1404 1366
1405 1183
1406 683
1407 1450
1408 1070
1409 1499
1410 914
1411 550
1412 434
1413 68
1414 187
1415 1399
1416 1453
1417 682
1418 80
1419 1752
1420 1729
1421 813
1422 609
1423 1117
1424 395
1425 669
1426 103
1427 1031
1428 592
1429 1739
1430 1103
1431 1573
1432 218
1433 1577
1434 1192
1435 885
1436 1679
1437 1320
1438 219
1439 293
1440 242
1441 881
1442 560
1443 1564
1444 12
1445 1674
1446 928
1447 1187
1448 870
1449 1404
1450 819
1451 427
1452 422
1453 1685
1454 507
1455 1255
1456 963
1457 465
1458 827
1459 1017
1460 459
1461 401
1462 1247
1463 1365
1464 1378
1465 1763
1466 1036
1467 1224
1468 1336
1469 551
1470 610
1471 1412
1472 1102
1473 51
1474 1047
1475 839
1476 624
1477 677
1478 686
1479 41
1480 1587
1481 718
1482 318
1483 1272
1484 577
1485 1269
1486 100
1487 582
1488 31
1489 114
1490 759
1491 1469
1492 1711
1493 1011
1494 1396
1495 1719
1496 1258
1497 748
1498 626
1499 311
1500 943
1501 1701
1502 398
1503 279
1504 713
1505 1077
1506 1400
1507 1688
1508 655
1509 1348
1510 470
1511 363
1512 797
1513 1170
1514 1020
1515 1694
1516 1483
1517 201
1518 317
1519 889
1520 1379
1521 822
1522 887
1523 87
1524 1511
1525 61
1526 938
1527 1168
1528 536
1529 1181
1530 502
1531 1264
1532 1418
1533 884
1534 1735
1535 666
1536 584
1537 1636
1538 1429
1539 1251
1540 1708
1541 1716
1542 803
1543 1131
1544 1211
1545 793
1546 1071
1547 1408
1548 824
1549 1123
1550 715
1551 1190
1552 1204
1553 1547
1554 467
1555 453
1556 1034
1557 834
1558 443
1559 435
1560 59
1561 789
1562 841
1563 106
1564 1623
1565 36
1566 325
1567 947
1568 712
1569 852
1570 359
1571 1265
1572 569
1573 1368
1574 1755
1575 399
1576 23
1577 1213
1578 523
1579 85
1580 704
1581 726
1582 493
1583 1240
1584 1654
1585 438
1586 1513
1587 1092
1588 904
1589 1553
1590 2
1591 497
1592 717
1593 1122
1594 911
1595 1432
1596 984
1597 1738
1598 1319
1599 998
1600 1101
1601 292
1602 305
1603 1570
1604 1177
1605 649
1606 1083
1607 1359
1608 508
1609 1389
1610 776
1611 227
1612 322
1613 21
1614 1556
1615 1221
1616 999
1617 1657
1618 79
1619 809
1620 195
1621 440
1622 210
1623 300
1624 1124
1625 1718
1626 101
1627 205
1628 1555
1629 579
1630 977
1631 739
1632 1229
1633 1332
1634 616
1635 648
1636 1438
1637 1305
1638 581
1639 451
1640 161
1641 1097
1642 527
1643 871
1644 284
1645 5
1646 1498
1647 714
1648 1236
1649 1645
1650 1041
1651 1029
1652 875
1653 1433
1654 1144
1655 591
1656 564
1657 1172
1658 553
1659 344
1660 1756
1661 1619
1662 1393
1663 781
1664 812
1665 460
1666 778
1667 488
1668 1283
1669 692
1670 504
1671 1376
1672 1381
1673 129
1674 1689
1675 1191
1676 763
1677 1000
1678 350
1679 1369
1680 745
1681 878
1682 144
1683 1584
1684 699
1685 558
1686 138
1687 944
1688 784
1689 912
1690 430
1691 1549
1692 1354
1693 1612
1694 169
1695 408
1696 1372
1697 152
1698 330
1699 70
1700 238
1701 392
1702 285
1703 335
1704 708
1705 817
1706 319
1707 1500
1708 1163
1709 1765
1710 485
1711 308
1712 1662
1713 1160
1714 1602
1715 740
1716 1143
1717 1260
1718 379
1719 700
1720 1532
1721 880
1722 1583
1723 1706
1724 74
1725 96
1726 749
1727 63
1728 1317
1729 806
1730 415
1731 987
1732 352
1733 559
1734 1334
1735 1523
1736 1710
1737 450
1738 1451
1739 674
1740 1012
1741 808
1742 182
1743 968
1744 531
1745 91
1746 522
1747 1436
1748 1561
1749 111
1750 208
1751 372
1752 1014
1753 1154
1754 1063
1755 75
1756 52
1757 1279
1758 107
1759 995
1760 770
1761 750
1762 958
1763 844
1764 521
1765 1050
1766 1443
