0 715
1 399
2 791
3 320
4 254
5 1300
6 1422
7 619
8 1335
9 1529
10 1734
11 233
12 310
13 1373
14 27
15 930
16 1408
17 1713
18 1315
19 1583
20 1317
21 894
22 395
23 1221
24 506
25 1598
26 110
27 344
28 1268
29 618
30 532
31 599
32 971
33 755
34 1488
35 797
36 1735
37 789
38 1687
39 408
40 747
41 1629
42 1736
43 517
44 1635
45 1547
46 1682
47 576
48 1676
49 1654
50 1261
51 1281
52 195
53 873
54 1375
55 1619
56 1689
57 369
58 1431
59 20
60 26
61 997
62 1606
63 350
64 621
65 1292
66 860
67 158
68 1627
69 939
70 1326
71 1319
72 160
73 530
74 1657
75 434
76 1359
77 1278
78 277
79 968
80 639
81 931
82 785
83 874
84 264
85 623
86 667
87 370
88 1246
89 282
90 1275
91 554
92 1101
93 1527
94 1396
95 78
96 1668
97 1182
98 1167
99 1156
100 303
101 190
102 937
103 1403
104 1681
105 700
106 1406
107 1449
108 1565
109 1746
110 482
111 38
112 697
113 1076
114 626
115 420
116 748
117 763
118 794
119 325
120 1066
121 910
122 1209
123 753
124 710
125 749
126 1718
127 245
128 1456
129 872
130 762
131 1594
132 54
133 141
134 914
135 951
136 1592
137 1461
138 1091
139 1588
140 1032
141 2
142 1485
143 1638
144 561
145 1764
146 545
147 1503
148 116
149 1428
150 775
151 272
152 790
153 1055
154 516
155 1382
156 1323
157 1212
158 402
159 1199
160 47
161 540
162 787
163 1216
164 194
165 826
166 411
167 339
168 5
169 52
170 955
171 844
172 726
173 145
174 1064
175 1462
176 871
177 410
178 500
179 1376
180 868
181 541
182 1264
183 1299
184 333
185 1482
186 1400
187 1576
188 1133
189 259
190 154
191 1047
192 471
193 1276
194 756
195 1002
196 909
197 1244
198 903
199 152
200 1086
201 122
202 1753
203 854
204 1575
205 371
206 1486
207 137
208 238
209 1513
210 156
211 584
212 1036
213 803
214 759
215 505
216 117
217 784
218 917
219 578
220 1517
221 203
222 109
223 1075
224 1159
225 900
226 185
227 659
228 326
229 1060
230 1397
231 1211
232 632
233 594
234 696
235 1293
236 845
237 80
238 1356
239 678
240 1381
241 569
242 1560
243 1053
244 1667
245 173
246 649
247 1145
248 1630
249 413
250 1166
251 566
252 1069
253 191
254 1632
255 640
256 1090
257 367
258 396
259 7
260 1613
261 982
262 397
263 1308
264 1729
265 1318
266 767
267 447
268 243
269 1728
270 725
271 250
272 546
273 542
274 352
275 806
276 458
277 200
278 55
279 1124
280 361
281 1038
282 1440
283 103
284 520
285 1423
286 642
287 1526
288 35
289 34
290 1206
291 718
292 1605
293 683
294 527
295 1471
296 417
297 656
298 1049
299 519
300 1344
301 1239
302 1017
303 1711
304 555
305 1018
306 166
307 1037
308 1719
309 1016
310 1460
311 1146
312 1109
313 987
314 298
315 1658
316 1404
317 1669
318 1267
319 1013
320 486
321 1435
322 257
323 1566
324 1579
325 375
326 1173
327 1509
328 498
329 379
330 592
331 896
332 556
333 512
334 290
335 1230
336 898
337 1280
338 706
339 926
340 708
341 19
342 739
343 1493
344 1198
345 94
346 1263
347 1284
348 1178
349 1754
350 509
351 1286
352 1138
353 283
354 1407
355 1683
356 835
357 207
358 453
359 911
360 1686
361 680
362 1426
363 833
364 73
365 977
366 425
367 563
368 1254
369 1307
370 989
371 1100
372 1703
373 1618
374 742
375 120
376 1721
377 504
378 1415
379 1190
380 288
381 57
382 285
383 1285
384 1000
385 1670
386 97
387 1622
388 583
389 17
390 74
391 786
392 1539
393 1659
394 360
395 1200
396 271
397 1370
398 266
399 467
400 159
401 799
402 374
403 1366
404 241
405 822
406 1511
407 138
408 620
409 340
410 1731
411 268
412 113
413 1088
414 978
415 323
416 415
417 957
418 135
419 1743
420 1574
421 1203
422 1291
423 550
424 676
425 1181
426 622
427 679
428 286
429 967
430 1755
431 1512
432 922
433 1339
434 77
435 1763
436 1549
437 587
438 567
439 722
440 1084
441 311
442 281
443 1153
444 1388
445 664
446 1311
447 1702
448 435
449 920
450 837
451 652
452 515
453 36
454 1708
455 50
456 1171
457 730
458 392
459 474
460 1720
461 49
462 403
463 1623
464 771
465 1379
466 1502
467 560
468 572
469 651
470 1552
471 111
472 605
473 713
474 492
475 1652
476 318
477 522
478 1603
479 650
480 1126
481 1647
482 444
483 208
484 1761
485 1478
486 1596
487 1417
488 606
489 1334
490 1663
491 464
492 657
493 685
494 1534
495 855
496 1027
497 828
498 1202
499 1587
500 830
501 148
502 1288
503 589
504 82
505 698
506 1475
507 1040
508 1523
509 869
510 1306
511 586
512 507
513 832
514 752
515 695
516 628
517 727
518 204
519 792
520 811
521 1001
522 1251
523 287
524 744
525 1717
526 585
527 899
528 314
529 1161
530 177
531 918
532 938
533 439
534 56
535 580
536 1279
537 1137
538 1696
539 780
540 907
541 489
542 963
543 373
544 180
545 1290
546 1301
547 1096
548 731
549 1271
550 108
551 172
552 1287
553 106
554 1067
555 69
556 1418
557 1249
558 1393
559 1304
560 1083
561 462
562 965
563 1662
564 846
565 866
566 31
567 1380
568 1738
569 964
570 1193
571 1347
572 1562
573 1620
574 1749
575 629
576 14
577 1732
578 1056
579 1383
580 300
581 712
582 1518
583 1104
584 1337
585 1514
586 1074
587 216
588 692
589 879
590 1062
591 213
592 13
593 1595
594 294
595 694
596 1217
597 1637
598 491
599 1129
600 1369
601 1496
602 1151
603 242
604 1113
605 1524
606 1577
607 1640
608 1139
609 322
610 1021
611 67
612 1616
613 262
614 246
615 414
616 1617
617 600
618 858
619 385
620 1022
621 1048
622 666
623 1360
624 363
625 364
626 87
627 1222
628 1273
629 61
630 1700
631 608
632 394
633 1610
634 1656
635 1349
636 229
637 564
638 293
639 426
640 852
641 125
642 292
643 887
644 1378
645 634
646 429
647 214
648 1187
649 590
650 1065
651 483
652 1678
653 182
654 1269
655 1737
656 421
657 933
658 1674
659 864
660 1692
661 1722
662 802
663 699
664 901
665 1501
666 761
667 64
668 598
669 29
670 186
671 1272
672 1525
673 131
674 663
675 687
676 118
677 1469
678 1081
679 1477
680 1365
681 1180
682 1
683 1130
684 645
685 1320
686 783
687 573
688 999
689 1536
690 89
691 1535
692 1690
693 1183
694 670
695 1237
696 1666
697 693
698 614
699 1303
700 1177
701 1191
702 267
703 1358
704 104
705 616
706 1516
707 1542
708 1201
709 155
710 688
711 1631
712 750
713 1405
714 1241
715 316
716 1192
717 851
718 25
719 1609
720 427
721 1476
722 445
723 1041
724 993
725 631
726 1677
727 577
728 1236
729 865
730 161
731 928
732 144
733 825
734 1607
735 1068
736 906
737 289
738 809
739 1313
740 11
741 891
742 478
743 889
744 595
745 1615
746 1556
747 1762
748 529
749 1058
750 1160
751 985
752 436
753 1009
754 1188
755 37
756 1395
757 604
758 1072
759 279
760 1253
761 768
762 1725
763 1082
764 1057
765 260
766 521
767 1530
768 150
769 308
770 1567
771 1350
772 1150
773 850
774 613
775 1168
776 1651
777 1238
778 230
779 1454
780 1005
781 99
782 1481
783 1028
784 355
785 430
786 1174
787 1553
788 88
789 1580
790 736
791 1641
792 168
793 1704
794 332
795 1338
796 236
797 660
798 1127
799 1602
800 253
801 735
802 284
803 1157
804 1114
805 1742
806 481
807 765
808 225
809 686
810 1353
811 671
812 1227
813 863
814 196
815 571
816 1224
817 446
818 523
819 1351
820 1499
821 1642
822 994
823 596
824 1110
825 1111
826 1750
827 409
828 952
829 83
830 1561
831 1260
832 477
833 502
834 337
835 1573
836 1650
837 1327
838 1391
839 709
840 1664
841 1148
842 452
843 1601
844 1131
845 1450
846 401
847 1443
848 1550
849 468
850 953
851 724
852 1265
853 384
854 501
855 597
856 814
857 1195
858 1444
859 114
860 1680
861 1521
862 1132
863 1411
864 261
865 1402
866 568
867 611
868 1197
869 121
870 206
871 774
872 1438
873 950
874 1557
875 1420
876 1336
877 248
878 295
879 702
880 1079
881 1314
882 1085
883 1483
884 1158
885 407
886 1266
887 487
888 1479
889 819
890 643
891 151
892 1484
893 1390
894 1760
895 921
896 223
897 198
898 1712
899 536
900 1262
901 1739
902 745
903 1563
904 1087
905 984
906 1600
907 1070
908 1256
909 1507
910 1020
911 249
912 658
913 588
914 732
915 956
916 1558
917 1723
918 1231
919 1661
920 932
921 1092
922 1492
923 143
924 1342
925 617
926 15
927 648
928 1387
929 1135
930 961
931 875
932 1699
933 428
934 1459
935 574
936 1458
937 68
938 862
939 44
940 1118
941 673
942 1409
943 1451
944 1163
945 1294
946 222
947 895
948 398
949 857
950 1141
951 1433
952 1119
953 946
954 347
955 1354
956 1205
957 827
958 93
959 406
960 525
961 820
962 923
963 457
964 1698
965 690
966 252
967 1309
968 721
969 372
970 1134
971 258
972 1170
973 1215
974 1321
975 1660
976 32
977 455
978 9
979 1726
980 357
981 1245
982 682
983 92
984 134
985 220
986 100
987 740
988 915
989 299
990 883
991 781
992 1545
993 856
994 365
995 754
996 1473
997 1143
998 646
999 359
1000 1410
1001 46
1002 22
1003 876
1004 466
1005 848
1006 1653
1007 1208
1008 1434
1009 1621
1010 1010
1011 1371
1012 450
1013 1571
1014 681
1015 181
1016 1033
1017 126
1018 970
1019 400
1020 1026
1021 1140
1022 338
1023 496
1024 1472
1025 149
1026 818
1027 1497
1028 1467
1029 1437
1030 881
1031 176
1032 992
1033 1240
1034 1073
1035 419
1036 119
1037 1705
1038 1125
1039 1564
1040 1519
1041 1331
1042 1270
1043 469
1044 202
1045 1025
1046 1247
1047 28
1048 1414
1049 1599
1050 297
1051 488
1052 870
1053 473
1054 1758
1055 1528
1056 813
1057 625
1058 1447
1059 210
1060 1122
1061 1439
1062 1243
1063 734
1064 418
1065 460
1066 859
1067 1765
1068 1446
1069 675
1070 1012
1071 962
1072 612
1073 423
1074 816
1075 63
1076 432
1077 514
1078 1121
1079 128
1080 996
1081 807
1082 217
1083 980
1084 377
1085 438
1086 1258
1087 1646
1088 886
1089 431
1090 175
1091 1105
1092 1522
1093 1035
1094 988
1095 129
1096 655
1097 1115
1098 878
1099 1218
1100 1295
1101 1362
1102 773
1103 834
1104 788
1105 1252
1106 1149
1107 776
1108 334
1109 1751
1110 65
1111 1078
1112 943
1113 766
1114 1095
1115 714
1116 433
1117 1061
1118 1591
1119 495
1120 983
1121 843
1122 991
1123 1374
1124 1103
1125 1709
1126 1046
1127 228
1128 609
1129 1412
1130 459
1131 1442
1132 101
1133 746
1134 1724
1135 309
1136 1608
1137 934
1138 524
1139 1730
1140 1372
1141 404
1142 317
1143 1480
1144 1457
1145 449
1146 1489
1147 1282
1148 842
1149 1348
1150 235
1151 336
1152 691
1153 1727
1154 1673
1155 960
1156 1747
1157 1189
1158 1052
1159 1465
1160 1120
1161 1367
1162 167
1163 557
1164 463
1165 1011
1166 1625
1167 380
1168 804
1169 1645
1170 416
1171 551
1172 1612
1173 959
1174 263
1175 602
1176 90
1177 306
1178 796
1179 102
1180 1688
1181 330
1182 1059
1183 562
1184 1684
1185 853
1186 1559
1187 661
1188 1176
1189 255
1190 916
1191 1385
1192 1495
1193 543
1194 547
1195 351
1196 301
1197 1416
1198 998
1199 1008
1200 1289
1201 969
1202 153
1203 1544
1204 91
1205 831
1206 770
1207 711
1208 703
1209 1452
1210 41
1211 1706
1212 549
1213 1401
1214 1310
1215 1152
1216 1179
1217 908
1218 1172
1219 737
1220 274
1221 75
1222 1006
1223 839
1224 1213
1225 603
1226 882
1227 85
1228 630
1229 1453
1230 841
1231 1226
1232 1626
1233 1538
1234 1364
1235 635
1236 548
1237 33
1238 70
1239 378
1240 624
1241 1548
1242 393
1243 1745
1244 1242
1245 422
1246 1691
1247 146
1248 1102
1249 526
1250 183
1251 368
1252 1554
1253 443
1254 1466
1255 836
1256 6
1257 470
1258 12
1259 966
1260 508
1261 1585
1262 1429
1263 1504
1264 1223
1265 142
1266 240
1267 1063
1268 565
1269 936
1270 1248
1271 1024
1272 1531
1273 817
1274 510
1275 513
1276 95
1277 1707
1278 1639
1279 16
1280 1128
1281 256
1282 1142
1283 689
1284 437
1285 1015
1286 1672
1287 823
1288 275
1289 607
1290 1089
1291 1108
1292 990
1293 184
1294 39
1295 24
1296 1274
1297 764
1298 1352
1299 1455
1300 593
1301 72
1302 278
1303 1042
1304 1648
1305 751
1306 1232
1307 570
1308 1228
1309 1235
1310 798
1311 919
1312 644
1313 741
1314 1541
1315 945
1316 1144
1317 201
1318 1341
1319 1169
1320 535
1321 925
1322 358
1323 615
1324 296
1325 1555
1326 1165
1327 1570
1328 221
1329 884
1330 1034
1331 362
1332 1136
1333 981
1334 720
1335 1184
1336 227
1337 1345
1338 1419
1339 321
1340 975
1341 805
1342 346
1343 1628
1344 1155
1345 1368
1346 986
1347 390
1348 1384
1349 456
1350 226
1351 1039
1352 1498
1353 105
1354 913
1355 1665
1356 1332
1357 1515
1358 302
1359 366
1360 1207
1361 307
1362 1257
1363 270
1364 948
1365 115
1366 627
1367 442
1368 480
1369 559
1370 107
1371 1463
1372 1597
1373 684
1374 677
1375 484
1376 1644
1377 503
1378 800
1379 1436
1380 48
1381 389
1382 3
1383 219
1384 269
1385 1099
1386 239
1387 499
1388 1219
1389 1741
1390 164
1391 1004
1392 1377
1393 405
1394 942
1395 1675
1396 386
1397 315
1398 251
1399 795
1400 189
1401 717
1402 1117
1403 147
1404 42
1405 1054
1406 174
1407 1045
1408 212
1409 490
1410 772
1411 669
1412 1051
1413 1537
1414 1394
1415 1490
1416 1756
1417 1229
1418 633
1419 778
1420 1445
1421 1578
1422 531
1423 1112
1424 824
1425 1283
1426 861
1427 1044
1428 704
1429 729
1430 801
1431 45
1432 224
1433 637
1434 1740
1435 1029
1436 1748
1437 1715
1438 178
1439 188
1440 132
1441 1392
1442 1305
1443 743
1444 940
1445 193
1446 1361
1447 1234
1448 958
1449 1298
1450 273
1451 723
1452 575
1453 1154
1454 995
1455 479
1456 1116
1457 192
1458 476
1459 1520
1460 610
1461 179
1462 1357
1463 247
1464 60
1465 412
1466 1624
1467 1506
1468 1312
1469 1030
1470 769
1471 760
1472 98
1473 86
1474 1546
1475 1328
1476 1003
1477 1107
1478 1225
1479 838
1480 1194
1481 1343
1482 1701
1483 387
1484 849
1485 647
1486 1614
1487 1346
1488 1714
1489 327
1490 1123
1491 112
1492 1752
1493 974
1494 538
1495 43
1496 485
1497 815
1498 280
1499 244
1500 1330
1501 1470
1502 472
1503 893
1504 58
1505 123
1506 1329
1507 757
1508 354
1509 1430
1510 929
1511 1210
1512 1487
1513 1214
1514 162
1515 1551
1516 1693
1517 130
1518 821
1519 1532
1520 979
1521 534
1522 808
1523 1590
1524 1196
1525 1007
1526 924
1527 218
1528 1533
1529 475
1530 877
1531 232
1532 187
1533 1014
1534 672
1535 1250
1536 494
1537 1093
1538 716
1539 1448
1540 1468
1541 1425
1542 719
1543 1302
1544 1733
1545 1080
1546 539
1547 1175
1548 1432
1549 59
1550 1185
1551 454
1552 1757
1553 1297
1554 552
1555 674
1556 1634
1557 1427
1558 1421
1559 638
1560 847
1561 1043
1562 1340
1563 591
1564 1494
1565 18
1566 1671
1567 348
1568 1491
1569 905
1570 157
1571 904
1572 912
1573 391
1574 544
1575 553
1576 582
1577 1071
1578 497
1579 170
1580 1325
1581 376
1582 1586
1583 349
1584 1474
1585 1582
1586 136
1587 902
1588 1333
1589 949
1590 96
1591 947
1592 1316
1593 291
1594 972
1595 324
1596 654
1597 1744
1598 353
1599 1697
1600 199
1601 1398
1602 231
1603 1162
1604 1164
1605 1604
1606 451
1607 1581
1608 1322
1609 581
1610 319
1611 388
1612 441
1613 8
1614 1685
1615 382
1616 1077
1617 533
1618 1695
1619 342
1620 304
1621 1679
1622 4
1623 448
1624 1655
1625 21
1626 0
1627 312
1628 777
1629 237
1630 1424
1631 313
1632 829
1633 518
1634 733
1635 1324
1636 1540
1637 665
1638 381
1639 356
1640 424
1641 328
1642 793
1643 331
1644 662
1645 885
1646 668
1647 888
1648 1399
1649 782
1650 1255
1651 705
1652 1593
1653 927
1654 1716
1655 30
1656 890
1657 1147
1658 1500
1659 1508
1660 653
1661 810
1662 133
1663 1441
1664 636
1665 1633
1666 124
1667 1389
1668 867
1669 62
1670 701
1671 641
1672 1204
1673 265
1674 276
1675 461
1676 465
1677 1649
1678 1355
1679 954
1680 1220
1681 215
1682 728
1683 579
1684 1186
1685 53
1686 343
1687 345
1688 234
1689 40
1690 1584
1691 1643
1692 169
1693 944
1694 1569
1695 127
1696 892
1697 1031
1698 1019
1699 329
1700 305
1701 171
1702 163
1703 511
1704 840
1705 440
1706 558
1707 51
1708 707
1709 935
1710 738
1711 1097
1712 1023
1713 139
1714 897
1715 1510
1716 1568
1717 1572
1718 211
1719 10
1720 758
1721 1106
1722 1277
1723 1505
1724 1636
1725 1694
1726 1611
1727 341
1728 1413
1729 1296
1730 66
1731 941
1732 76
1733 1233
1734 1766
1735 1543
1736 779
1737 1363
1738 601
1739 1386
1740 79
1741 197
1742 1710
1743 84
1744 1464
1745 165
1746 1098
1747 1259
1748 976
1749 493
1750 383
1751 81
1752 71
1753 812
1754 205
1755 209
1756 973
1757 537
1758 23
1759 140
1760 1589
1761 1050
1762 335
1763 1759
1764 1094
1765 528
1766 880
