0 3890
1 3891
2 3892
3 3893
4 3894
5 3895
6 3896
7 3897
9 3898
10 3899
11 3900
12 3901
13 3902
14 3903
15 3904
16 3905
17 3906
18 3907
20 3908
21 3909
22 3910
23 3911
24 3912
25 3913
26 3914
27 3915
28 3916
29 3917
30 3918
31 3919
32 3920
34 3921
36 3922
37 3923
38 3924
40 3925
41 3926
42 3927
43 3928
44 3929
45 3930
46 3931
47 3932
48 3933
49 3934
50 3935
51 3936
52 3937
53 3938
54 3939
57 3940
58 3941
60 3942
61 3943
62 3944
63 3945
64 3946
65 3947
66 3948
68 3949
69 3950
70 3951
71 3952
72 3953
73 3954
75 3955
76 3956
77 3957
78 3958
79 3959
81 3960
82 3961
83 3962
85 3963
86 3964
87 3965
88 3966
89 3967
90 3968
91 3969
92 3970
93 3971
94 3972
95 3973
96 3974
97 3975
98 3976
99 3977
100 3978
101 3979
102 3980
103 3981
104 3982
105 3983
106 3984
107 3985
108 3986
109 3987
110 3988
111 3989
112 3990
113 3991
114 3992
115 3993
116 3994
117 3995
118 3996
119 3997
120 3998
121 3999
122 4000
124 4001
125 4002
126 4003
127 4004
128 4005
129 4006
130 4007
132 4008
133 4009
134 4010
135 4011
136 4012
137 4013
138 4014
139 4015
140 4016
141 4017
142 4018
144 4019
145 4020
146 4021
147 4022
148 4023
149 4024
150 4025
151 4026
152 4027
153 4028
155 4029
156 4030
158 4031
160 4032
161 4033
162 4034
163 4035
164 4036
165 4037
166 4038
167 4039
168 4040
169 4041
170 4042
172 4043
175 4044
176 4045
177 4046
178 4047
179 4048
180 4049
181 4050
182 4051
183 4052
184 4053
185 4054
186 4055
187 4056
188 4057
189 4058
190 4059
191 4060
192 4061
194 4062
196 4063
198 4064
199 4065
200 4066
201 4067
202 4068
204 4069
205 4070
206 4071
207 4072
209 4073
210 4074
211 4075
212 4076
213 4077
214 4078
215 4079
216 4080
217 4081
218 4082
219 4083
220 4084
221 4085
222 4086
223 4087
224 4088
226 4089
227 4090
228 4091
229 4092
230 4093
231 4094
232 4095
233 4096
234 4097
236 4098
237 4099
238 4100
239 4101
240 4102
241 4103
243 4104
244 4105
245 4106
246 4107
248 4108
249 4109
250 4110
251 4111
252 4112
253 4113
254 4114
255 4115
256 4116
257 4117
259 4118
260 4119
261 4120
262 4121
263 4122
264 4123
265 4124
266 4125
268 4126
269 4127
271 4128
273 4129
274 4130
275 4131
276 4132
277 4133
278 4134
280 4135
281 4136
283 4137
284 4138
285 4139
286 4140
287 4141
288 4142
289 4143
290 4144
291 4145
292 4146
293 4147
294 4148
295 4149
297 4150
298 4151
299 4152
300 4153
301 4154
302 4155
303 4156
304 4157
305 4158
306 4159
307 4160
308 4161
309 4162
310 4163
311 4164
312 4165
313 4166
314 4167
316 4168
317 4169
318 4170
319 4171
320 4172
322 4173
323 4174
324 4175
325 4176
326 4177
327 4178
328 4179
330 4180
331 4181
332 4182
333 4183
334 4184
335 4185
336 4186
337 4187
338 4188
339 4189
340 4190
341 4191
342 4192
343 4193
344 4194
345 4195
346 4196
347 4197
348 4198
349 4199
350 4200
351 4201
352 4202
353 4203
354 4204
355 4205
356 4206
357 4207
359 4208
360 4209
361 4210
362 4211
363 4212
364 4213
365 4214
366 4215
367 4216
368 4217
369 4218
370 4219
371 4220
372 4221
373 4222
374 4223
375 4224
376 4225
377 4226
379 4227
380 4228
381 4229
382 4230
383 4231
384 4232
385 4233
386 4234
387 4235
388 4236
389 4237
390 4238
391 4239
392 4240
394 4241
395 4242
396 4243
397 4244
399 4245
401 4246
402 4247
403 4248
404 4249
405 4250
406 4251
407 4252
408 4253
410 4254
411 4255
412 4256
413 4257
414 4258
415 4259
418 4260
420 4261
421 4262
422 4263
423 4264
424 4265
425 4266
426 4267
427 4268
429 4269
430 4270
431 4271
433 4272
434 4273
435 4274
436 4275
437 4276
438 4277
439 4278
440 4279
441 4280
442 4281
443 4282
444 4283
445 4284
446 4285
447 4286
448 4287
449 4288
451 4289
452 4290
454 4291
455 4292
457 4293
458 4294
460 4295
461 4296
462 4297
463 4298
464 4299
465 4300
466 4301
467 4302
468 4303
469 4304
470 4305
471 4306
472 4307
473 4308
474 4309
475 4310
476 4311
477 4312
478 4313
479 4314
480 4315
481 4316
482 4317
483 4318
484 4319
485 4320
486 4321
487 4322
488 4323
489 4324
490 4325
491 4326
492 4327
493 4328
494 4329
495 4330
496 4331
498 4332
499 4333
500 4334
502 4335
503 4336
504 4337
505 4338
506 4339
507 4340
508 4341
509 4342
511 4343
512 4344
513 4345
514 4346
515 4347
516 4348
517 4349
518 4350
519 4351
520 4352
521 4353
522 4354
524 4355
526 4356
527 4357
528 4358
529 4359
530 4360
531 4361
532 4362
533 4363
534 4364
535 4365
536 4366
537 4367
538 4368
539 4369
540 4370
541 4371
542 4372
544 4373
545 4374
547 4375
548 4376
549 4377
550 4378
551 4379
552 4380
554 4381
555 4382
556 4383
557 4384
558 4385
559 4386
560 4387
561 4388
562 4389
563 4390
564 4391
565 4392
566 4393
567 4394
568 4395
570 4396
571 4397
572 4398
573 4399
574 4400
575 4401
576 4402
578 4403
580 4404
581 4405
582 4406
583 4407
584 4408
585 4409
586 4410
587 4411
588 4412
589 4413
590 4414
591 4415
592 4416
593 4417
594 4418
595 4419
596 4420
598 4421
599 4422
600 4423
601 4424
602 4425
603 4426
604 4427
605 4428
606 4429
607 4430
608 4431
610 4432
611 4433
613 4434
614 4435
615 4436
616 4437
617 4438
619 4439
621 4440
622 4441
623 4442
624 4443
625 4444
626 4445
627 4446
628 4447
629 4448
631 4449
635 4450
636 4451
637 4452
638 4453
640 4454
641 4455
642 4456
643 4457
645 4458
646 4459
647 4460
648 4461
649 4462
650 4463
651 4464
652 4465
653 4466
654 4467
655 4468
656 4469
657 4470
658 4471
659 4472
660 4473
661 4474
662 4475
663 4476
664 4477
665 4478
666 4479
667 4480
669 4481
670 4482
672 4483
673 4484
674 4485
675 4486
676 4487
677 4488
678 4489
679 4490
681 4491
682 4492
683 4493
684 4494
685 4495
686 4496
687 4497
688 4498
691 4499
692 4500
693 4501
694 4502
695 4503
696 4504
697 4505
698 4506
699 4507
700 4508
701 4509
702 4510
703 4511
705 4512
706 4513
707 4514
708 4515
709 4516
710 4517
711 4518
712 4519
713 4520
714 4521
715 4522
716 4523
717 4524
718 4525
719 4526
720 4527
721 4528
723 4529
724 4530
725 4531
726 4532
728 4533
729 4534
730 4535
731 4536
732 4537
733 4538
734 4539
735 4540
736 4541
737 4542
738 4543
739 4544
740 4545
741 4546
742 4547
743 4548
745 4549
746 4550
748 4551
749 4552
750 4553
751 4554
752 4555
753 4556
754 4557
755 4558
756 4559
757 4560
758 4561
760 4562
761 4563
763 4564
765 4565
766 4566
767 4567
768 4568
769 4569
770 4570
771 4571
772 4572
773 4573
774 4574
775 4575
776 4576
777 4577
778 4578
779 4579
780 4580
781 4581
782 4582
783 4583
784 4584
785 4585
786 4586
787 4587
788 4588
789 4589
791 4590
792 4591
793 4592
794 4593
795 4594
797 4595
799 4596
800 4597
801 4598
803 4599
804 4600
805 4601
806 4602
807 4603
808 4604
809 4605
810 4606
811 4607
813 4608
815 4609
816 4610
817 4611
820 4612
821 4613
822 4614
823 4615
824 4616
825 4617
826 4618
827 4619
828 4620
829 4621
830 4622
831 4623
832 4624
833 4625
834 4626
836 4627
837 4628
838 4629
839 4630
842 4631
843 4632
844 4633
845 4634
846 4635
847 4636
848 4637
849 4638
850 4639
851 4640
852 4641
853 4642
854 4643
855 4644
856 4645
857 4646
858 4647
859 4648
860 4649
861 4650
862 4651
863 4652
864 4653
865 4654
866 4655
867 4656
868 4657
869 4658
870 4659
871 4660
872 4661
873 4662
874 4663
876 4664
877 4665
878 4666
879 4667
880 4668
881 4669
883 4670
884 4671
885 4672
886 4673
887 4674
888 4675
889 4676
890 4677
891 4678
892 4679
893 4680
894 4681
895 4682
896 4683
897 4684
898 4685
899 4686
900 4687
901 4688
902 4689
903 4690
904 4691
905 4692
906 4693
907 4694
908 4695
909 4696
910 4697
911 4698
912 4699
913 4700
914 4701
915 4702
916 4703
917 4704
918 4705
919 4706
920 4707
921 4708
923 4709
924 4710
925 4711
926 4712
927 4713
929 4714
930 4715
931 4716
932 4717
933 4718
934 4719
935 4720
936 4721
938 4722
939 4723
940 4724
942 4725
943 4726
944 4727
945 4728
947 4729
948 4730
950 4731
951 4732
952 4733
953 4734
954 4735
955 4736
956 4737
958 4738
960 4369
961 4370
962 4371
963 4372
964 4373
965 4374
966 4375
967 4376
969 4378
970 4379
971 4380
972 4381
973 4382
975 4384
976 4385
978 4387
979 4388
980 4389
981 4390
982 4391
983 4392
984 4393
985 4394
986 4395
987 4396
989 4398
990 4399
991 4400
992 4401
993 4402
994 4403
996 4405
997 4406
998 4407
999 4408
1000 4409
1001 4410
1002 4411
1003 4412
1004 4413
1005 4414
1006 4415
1007 4416
1008 4417
1009 4418
1010 4419
1011 4420
1012 4421
1013 4422
1014 4423
1015 4424
1016 4425
1017 4426
1018 4427
1019 4428
1020 4429
1021 4430
1023 4432
1024 4433
1025 4434
1027 4436
1028 4437
1029 4438
1030 4439
1031 4440
1032 4441
1035 4444
1036 4445
1037 4446
1038 4447
1039 4448
1041 4450
1042 4451
1045 4454
1046 4455
1047 4456
1048 4457
1049 4458
1050 4459
1052 4461
1053 4462
1054 4463
1055 4464
1056 4465
1057 4466
1058 4467
1059 4468
1060 4469
1061 4470
1062 4471
1063 4472
1066 4475
1067 4476
1069 4478
1072 4481
1073 4482
1074 4483
1075 4484
1076 4485
1077 4486
1078 4487
1079 4488
1080 4489
1081 4490
1082 4491
1083 4492
1084 4493
1085 4494
1086 4495
1088 4497
1089 4498
1090 4499
1091 4500
1092 4501
1093 4502
1094 4503
1095 4504
1096 4505
1097 4506
1098 4507
1099 4508
1100 4509
1101 4510
1102 4511
1103 4512
1104 4513
1105 4514
1106 4515
1107 4516
1108 4517
1111 4520
1112 4521
1113 4522
1114 4523
1115 4524
1117 4526
1118 4527
1119 4528
1120 4529
1122 4531
1123 4532
1124 4533
1126 4535
1127 4536
1128 4537
1129 4538
1130 4539
1131 4540
1135 4544
1136 4545
1138 4547
1139 4548
1140 4549
1141 4550
1142 4551
1143 4552
1144 4553
1145 4554
1146 4555
1148 4557
1149 4558
1150 4559
1151 4560
1152 4561
1153 4562
1155 4564
1156 4565
1157 4566
1158 4567
1159 4568
1160 4569
1162 4571
1163 4572
1164 4573
1165 4574
1166 4575
1167 4576
1168 4577
1169 4578
1170 4579
1171 4580
1172 4581
1173 4582
1175 4584
1176 4585
1177 4586
1179 4588
1182 4591
1183 4592
1184 4593
1186 4595
1188 4597
1193 4602
1194 4603
1195 4604
1196 4605
1197 4606
1198 4607
1199 4608
1200 4609
1201 4610
1202 4611
1205 4614
1206 4615
1208 4617
1209 4618
1210 4619
1211 4620
1212 4621
1213 4622
1214 4623
1215 4624
1216 4625
1217 4626
1219 4628
1221 4630
1222 4631
1223 4632
1224 4633
1225 4634
1227 4636
1228 4637
1229 4638
1230 4639
1231 4640
1232 4641
1233 4642
1236 4645
1237 4646
1238 4647
1239 4648
1240 4649
1243 4652
1244 4653
1245 4654
1246 4655
1248 4657
1249 4658
1250 4659
1251 4660
1252 4661
1253 4662
1254 4663
1256 4665
1257 4666
1258 4667
1259 4668
1260 4669
1261 4670
1262 4671
1265 4674
1266 4675
1267 4676
1268 4677
1269 4678
1270 4679
1271 4680
1272 4681
1273 4682
1274 4683
1275 4684
1276 4685
1277 4686
1278 4687
1279 4688
1280 4689
1281 4690
1282 4691
1283 4692
1284 4693
1285 4694
1286 4695
1287 4696
1288 4697
1289 4698
1290 4699
1291 4700
1292 4701
1293 4702
1294 4703
1295 4704
1296 4705
1297 4706
1298 4707
1299 4708
1300 4709
1301 4710
1302 4711
1303 4712
1304 4713
1305 4714
1307 4716
1308 4717
1309 4718
1310 4719
1312 4721
1313 4722
1314 4723
1315 4724
1316 4725
1317 4726
1318 4727
1319 4728
1320 4729
1322 4731
1323 4732
1324 4733
1325 4734
1326 4735
1327 4736
1328 4737
1329 4738
1330 4739
1331 4740
1333 4742
1334 4743
1335 4744
1336 4745
1337 4746
1338 4747
1339 4748
1340 4749
1341 4750
1342 4751
1343 4752
1344 4753
1345 4754
1346 4755
1347 4756
1348 4757
1349 4758
1350 4759
1351 4760
1352 4761
1353 4762
1354 4763
1355 4764
1356 4765
1357 4766
1358 4767
1359 4768
1361 4770
1362 4771
1363 4772
1365 4774
1366 4775
1368 4777
1369 4778
1370 4779
1371 4780
1372 4781
1373 4782
1374 4783
1375 4784
1376 4785
1377 4786
1378 4787
1379 4788
1380 4789
1381 4790
1382 4791
1383 4792
1384 4793
1385 4794
1386 4795
1387 4796
1388 4797
1389 4798
1390 4799
1391 4800
1393 4802
1394 4803
1395 4804
1396 4805
1397 4806
1399 4808
1402 4811
1403 4812
1404 4813
1406 4815
1407 4816
1408 4817
1409 4818
1410 4819
1411 4820
1412 4821
1413 4822
1414 4823
1415 4824
1416 4825
1417 4826
1418 4827
1419 4828
1420 4829
1421 4830
1422 4831
1423 4832
1424 4833
1425 4834
1426 4835
1428 4837
1429 4838
1430 4839
1431 4840
1432 4841
1433 4842
1434 4843
1435 4844
1437 4846
1438 4847
1439 4848
1440 4849
1442 4851
1443 4852
1444 4853
1445 4854
1446 4855
1447 4856
1448 4857
1449 4858
1450 4859
1452 4861
1453 4862
1454 4863
1455 4864
1456 4865
1457 4866
1458 4867
1459 4868
1460 4869
1461 4870
1462 4871
1463 4872
1464 4873
1465 4874
1466 4875
1467 4876
1468 4877
1469 4878
1470 4879
1471 4880
1472 4881
1473 4882
1475 4884
1476 4885
1477 4886
1479 4888
1481 4890
1483 4892
1484 4893
1485 4894
1486 4895
1487 4896
1488 4897
1489 4898
1490 4899
1491 4900
1492 4901
1493 4902
1494 4903
1495 4904
1496 4905
1497 4906
1498 4907
1500 4909
1501 4910
1502 4911
1503 4912
1504 4913
1505 4914
1506 4915
1507 4916
1508 4917
1509 4918
1510 4919
1511 4920
1512 4921
1514 4923
1517 4926
1519 4928
1520 4929
1522 4931
1523 4932
1524 4933
1525 4934
1526 4935
1527 4936
1529 4938
1530 4939
1531 4940
1532 4941
1534 4943
1535 4944
1536 4945
1537 4946
1538 4947
1539 4948
1540 4949
1541 4950
1542 4951
1543 4952
1544 4953
1546 4955
1547 4956
1548 4957
1549 4958
1550 4959
1551 4960
1552 4961
1553 4962
1554 4963
1555 4964
1557 4966
1558 4967
1559 4968
1560 4969
1561 4970
1562 4971
1563 4972
1564 4973
1565 4974
1566 4975
1567 4976
1568 4977
1569 4978
1570 4979
1571 4980
1572 4981
1573 4982
1574 4983
1575 4984
1576 4985
1577 4986
1578 4987
1579 4988
1580 4989
1581 4990
1582 4991
1583 4992
1585 4994
1586 4995
1587 4996
1588 4997
1589 4998
1590 4999
1591 5000
1592 5001
1593 5002
1594 5003
1597 5006
1599 5008
1600 5009
1601 5010
1603 5012
1604 5013
1605 5014
1606 5015
1607 5016
1608 5017
1610 5019
1611 5020
1613 5022
1614 5023
1618 5027
1620 5029
1621 5030
1622 5031
1623 5032
1624 5033
1625 5034
1626 5035
1627 5036
1628 5037
1629 5038
1631 5040
1632 5041
1633 5042
1634 5043
1635 5044
1636 5045
1637 5046
1638 5047
1639 5048
1640 5049
1641 5050
1642 5051
1643 5052
1644 5053
1645 5054
1646 5055
1647 5056
1648 5057
1649 5058
1650 5059
1651 5060
1652 5061
1653 5062
1654 5063
1655 5064
1656 5065
1657 5066
1658 5067
1659 5068
1660 5069
1661 5070
1662 5071
1663 5072
1664 5073
1666 5075
1667 5076
1668 5077
1669 5078
1670 5079
1671 5080
1672 5081
1673 5082
1674 5083
1676 5085
1677 5086
1678 5087
1679 5088
1680 5089
1681 5090
1682 5091
1683 5092
1684 5093
1685 5094
1686 5095
1687 5096
1688 5097
1689 5098
1691 5100
1692 5101
1694 5103
1695 5104
1696 5105
1697 5106
1698 5107
1699 5108
1700 5109
1702 5111
1703 5112
1704 5113
1705 5114
1706 5115
1707 5116
1708 5117
1709 5118
1710 5119
1711 5120
1712 5121
1713 5122
1714 5123
1715 5124
1716 5125
1718 5127
1719 5128
1721 5130
1722 5131
1723 5132
1724 5133
1725 5134
1726 5135
1727 5136
1728 5137
1729 5138
1730 5139
1731 5140
1732 5141
1733 5142
1734 5143
1735 5144
1736 5145
1737 5146
1738 5147
1739 5148
1740 5149
1741 5150
1742 5151
1743 5152
1745 5154
1746 5155
1747 5156
1748 5157
1750 5159
1751 5160
1752 5161
1754 5163
1755 5164
1756 5165
1757 5166
1759 5168
1760 5169
1761 5170
1762 5171
1763 5172
1764 5173
1765 5174
1766 5175
1767 5176
1768 5177
1769 5178
1770 5179
1772 5181
1773 5182
1774 5183
1775 5184
1776 5185
1777 5186
1778 5187
1779 5188
1780 5189
1781 5190
1782 5191
1783 5192
1784 5193
1785 5194
1787 5196
1788 5197
1789 5198
1793 5202
1794 5203
1795 5204
1796 5205
1797 5206
1798 5207
1799 5208
1800 5209
1801 5210
1802 5211
1803 5212
1804 5213
1805 5214
1806 5215
1807 5216
1808 5217
1809 5218
1810 5219
1811 5220
1812 5221
1814 5223
1815 5224
1816 5225
1817 5226
1818 5227
1819 5228
1820 5229
1821 5230
1822 5231
1823 5232
1824 5233
1825 5234
1826 5235
1828 5237
1829 5238
1830 5239
1831 5240
1832 5241
1833 5242
1834 5243
1835 5244
1836 5245
1838 5247
1839 5248
1840 5249
1842 5251
1843 5252
1844 5253
1845 5254
1847 5256
1848 5257
1849 5258
1850 5259
1851 5260
1852 5261
1853 5262
1854 5263
1855 5264
1856 5265
1857 5266
1858 5267
1859 5268
1861 5270
1862 5271
1863 5272
1864 5273
1865 5274
1866 5275
1867 5276
1868 5277
1869 5278
1871 5280
1872 5281
1873 5282
1874 5283
1875 5284
1876 5285
1877 5286
1879 5288
1880 5289
1881 5290
1882 5291
1883 5292
1884 5293
1885 5294
1886 5295
1888 5297
1889 5298
1891 5300
1892 5301
1893 5302
1894 5303
1895 5304
1896 5305
1897 5306
1898 5307
1899 5308
1900 5309
1901 5310
1902 5311
1903 5312
1905 5314
1906 5315
1907 5316
1909 5318
1910 5319
1911 5320
1912 5321
1913 5322
1914 5323
1916 5325
1917 5326
1918 5327
1919 5328
1920 5329
1921 5330
1922 5331
1923 5332
1924 5333
1925 5334
1926 5335
1927 5336
1928 5337
1929 5338
1930 5339
1931 5340
1932 5341
1933 5342
1934 5343
1935 5344
1936 5345
1937 5346
1939 5348
1940 5349
1941 5350
1942 5351
1943 5352
1944 5353
1945 5354
1946 5355
1947 5356
1948 5357
1949 5358
1950 5359
1951 5360
1952 5361
1953 5362
1954 5363
1955 5364
1957 5366
1958 5367
1959 5368
1960 5369
1961 5370
1962 5371
1963 5372
1964 5373
1965 5374
1966 5375
1967 5376
1969 5378
1970 5379
1971 5380
1972 5381
1973 5382
1974 5383
1975 5384
1976 5385
1978 5387
1979 5388
1980 5389
1984 5393
1985 5394
1986 5395
1987 5396
1988 5397
1989 5398
1990 5399
1992 5401
1993 5402
1994 5403
1995 5404
1997 5406
2000 5409
2001 5410
2002 5411
2003 5412
2004 5413
2007 5416
2009 5418
2010 5419
2011 5420
2013 5422
2014 5423
2015 5424
2016 5425
2017 5426
2018 5427
2020 5429
2022 5431
2023 5432
2024 5433
2025 5434
2026 5435
2028 5437
2029 5438
2030 5439
2031 5440
2032 5441
2033 5442
2034 5443
2036 5445
2037 5446
2038 5447
2039 5448
2041 5450
2043 5452
2044 5453
2045 5454
2046 5455
2047 5456
2048 5457
2049 5458
2050 5459
2051 5460
2052 5461
2053 5462
2054 5463
2055 5464
2056 5465
2057 5466
2058 5467
2059 5468
2060 5469
2061 5470
2062 5471
2065 5474
2066 5475
2067 5476
2068 5477
2069 5478
2070 5479
2071 5480
2072 5481
2073 5482
2075 5484
2076 5485
2077 5486
2078 5487
2079 5488
2081 5490
2082 5491
2083 5492
2084 5493
2085 5494
2086 5495
2087 5496
2088 5497
2089 5498
2090 5499
2091 5500
2092 5501
2095 5504
2096 5505
2097 5506
2098 5507
2100 5509
2101 5510
2102 5511
2103 5512
2104 5513
2105 5514
2106 5515
2107 5516
2108 5517
2109 5518
2110 5519
2111 5520
2112 5521
2113 5522
2114 5523
2115 5524
2117 5526
2118 5527
2119 5528
2120 5529
2121 5530
2122 5531
2124 5533
2125 5534
2126 5535
2127 5536
2128 5537
2129 5538
2130 5539
2131 5540
2132 5541
2133 5542
2134 5543
2135 5544
2136 5545
2137 5546
2139 5548
2140 5549
2141 5550
2142 5551
2144 5553
2145 5554
2146 5555
2147 5556
2148 5557
2149 5558
2151 5560
2152 5561
2153 5562
2154 5563
2155 5564
2156 5565
2157 5566
2159 5568
2160 5569
2161 5570
2162 5571
2163 5572
2164 5573
2165 5574
2166 5575
2167 5576
2168 5577
2169 5578
2170 5579
2171 5580
2172 5581
2173 5582
2174 5583
2175 5584
2176 5585
2177 5586
2179 5588
2180 5589
2181 5590
2182 5591
2183 5592
2184 5593
2185 5594
2186 5595
2187 5596
2188 5597
2189 5598
2190 5599
2191 5600
2192 5601
2193 5602
2195 5604
2196 5605
2197 5606
2198 5607
2199 5608
2200 5609
2201 5610
2202 5611
2203 5612
2204 5613
2205 5614
2206 5615
2207 5616
2208 5617
2209 5618
2210 5619
2211 5620
2213 5622
2215 5624
2216 5625
2217 5626
2218 5627
2220 5629
2221 5630
2222 5631
2223 5632
2225 5634
2226 5635
2227 5636
2228 5637
2229 5638
2230 5639
2231 5640
2232 5641
2233 5642
2234 5643
2235 5644
2236 5645
2237 5646
2239 5648
2240 5649
2241 5650
2242 5651
2243 5652
2244 5653
2245 5654
2247 5656
2248 5657
2251 5660
2253 5662
2254 5663
2255 5664
2256 5665
2257 5666
2258 5667
2259 5668
2260 5669
2261 5670
2262 5671
2263 5672
2264 5673
2265 5674
2266 5675
2267 5676
2268 5677
2270 5679
2271 5680
2272 5681
2276 5685
2277 5686
2278 5687
2279 5688
2280 5689
2281 5690
2283 5692
2284 5693
2285 5694
2286 5695
2288 5697
2289 5698
2290 5699
2291 5700
2292 5701
2293 5702
2294 5703
2295 5704
2296 5705
2297 5706
2298 5707
2299 5708
2302 5711
2303 5712
2304 5713
2305 5714
2307 5716
2308 5717
2309 5718
2310 5719
2311 5720
2312 5721
2313 5722
2314 5723
2315 5724
2316 5725
2317 5726
2318 5727
2319 5728
2320 5729
2321 5730
2322 5731
2323 5732
2324 5733
2325 5734
2329 5738
2330 5739
2333 5742
2334 5743
2335 5744
2336 5745
2337 5746
2339 5748
2340 5749
2341 5750
2342 5751
2343 5752
2344 5753
2345 5754
2346 5755
2347 5756
2348 5757
2349 5758
2350 5759
2351 5760
2352 5761
2353 5762
2354 5763
2355 5764
2356 5765
2357 5766
2358 5767
2359 5768
2360 5769
2361 5770
2362 5771
2363 5772
2364 5773
2365 5774
2366 5775
2367 5776
2368 5777
2369 5778
2370 5779
2371 5780
2372 5781
2373 5782
2374 5783
2375 5784
2376 5785
2377 5786
2378 5787
2379 5788
2380 5789
2381 5790
2382 5791
2383 5792
2384 5793
2385 5794
2386 5795
2388 5797
2389 5798
2391 5800
2392 5801
2393 5802
2394 5803
2395 5804
2396 5805
2397 5806
2398 5807
2399 5808
2400 5809
2401 5810
2402 5811
2404 5813
2405 5814
2406 5815
2407 5816
2408 5817
2409 5818
2410 5819
2411 5820
2412 5821
2413 5822
2414 5823
2415 5824
2417 5826
2418 5827
2419 5828
2420 5829
2421 5830
2423 5832
2424 5833
2425 5834
2426 5835
2427 5836
2428 5837
2430 5839
2431 5840
2432 5841
2433 5842
2434 5843
2435 5844
2436 5845
2437 5846
2438 5847
2439 5848
2440 5849
2441 5850
2442 5851
2443 5852
2444 5853
2445 5854
2446 5855
2448 5857
2449 5858
2450 5859
2451 5860
2452 5861
2453 5862
2454 5863
2455 5864
2456 5865
2457 5866
2458 5867
2459 5868
2460 5869
2461 5870
2462 5871
2463 5872
2464 5873
2465 5874
2466 5875
2467 5876
2468 5877
2469 5878
2470 5879
2471 5880
2474 5883
2475 5884
2476 5885
2478 5887
2479 5888
2480 5889
2481 5890
2482 5891
2483 5892
2484 5893
2485 5894
2486 5895
2487 5896
2488 5897
2489 5898
2490 5899
2491 5900
2492 5901
2493 5902
2494 5903
2495 5904
2496 5905
2497 5906
2498 5907
2499 5908
2500 5909
2501 5910
2502 5911
2503 5912
2505 5914
2510 5919
2511 5920
2513 5922
2514 5923
2515 5924
2517 5926
2518 5927
2519 5928
2520 5929
2521 5930
2522 5931
2523 5932
2524 5933
2526 5935
2527 5936
2529 5938
2530 5939
2531 5940
2532 5941
2533 5942
2534 5943
2535 5944
2536 5945
2537 5946
2538 5947
2539 5948
2540 5949
2541 5950
2542 5951
2543 5952
2544 5953
2545 5954
2546 5955
2547 5956
2548 5957
2549 5958
2550 5959
2551 5960
2553 5962
2554 5963
2555 5964
2556 5965
2557 5966
2558 5967
2559 5968
2560 5969
2561 5970
2562 5971
2563 5972
2564 5973
2565 5974
2566 5975
2567 5976
2568 5977
2569 5978
2570 5979
2571 5980
2572 5981
2573 5982
2574 5983
2575 5984
2576 5985
2578 5987
2579 5988
2580 5989
2581 5990
2582 5991
2583 5992
2584 5993
2585 5994
2586 5995
2587 5996
2588 5997
2589 5998
2590 5999
2591 6000
2592 6001
2593 6002
2594 6003
2595 6004
2596 6005
2597 6006
2598 6007
2599 6008
2600 6009
2601 6010
2602 6011
2603 6012
2604 6013
2606 6015
2608 6017
2609 6018
2611 6020
2613 6022
2614 6023
2615 6024
2616 6025
2617 6026
2618 6027
2619 6028
2620 6029
2621 6030
2622 6031
2623 6032
2624 6033
2625 6034
2626 6035
2627 6036
2629 6038
2630 6039
2632 6041
2633 6042
2634 6043
2635 6044
2636 6045
2637 6046
2638 6047
2640 6049
2642 6051
2643 6052
2644 6053
2645 6054
2646 6055
2647 6056
2648 6057
2649 6058
2651 6060
2652 6061
2653 6062
2654 6063
2655 6064
2657 6066
2658 6067
2659 6068
2660 6069
2661 6070
2663 6072
2665 6074
2666 6075
2667 6076
2668 6077
2670 6079
2671 6080
2672 6081
2673 6082
2675 6084
2676 6085
2678 6087
2680 6089
2682 6091
2683 6092
2684 6093
2687 6096
2688 6097
2689 6098
2690 6099
2691 6100
2693 6102
2694 6103
2695 6104
2696 6105
2697 6106
2698 6107
2699 6108
2700 6109
2701 6110
2702 6111
2703 6112
2704 6113
2706 6115
2707 6116
2708 6117
2709 6118
2710 6119
2711 6120
2712 6121
2713 6122
2714 6123
2716 6125
2717 6126
2718 6127
2719 6128
2721 6130
2722 6131
2723 6132
2724 6133
2725 6134
2726 6135
2727 6136
2728 6137
2729 6138
2730 6139
2731 6140
2732 6141
2733 6142
2734 6143
2735 6144
2736 6145
2737 6146
2738 6147
2739 6148
2740 6149
2742 6151
2743 6152
2745 6154
2746 6155
2747 6156
2748 6157
2750 6159
2751 6160
2752 6161
2754 6163
2755 6164
2757 6166
2758 6167
2759 6168
2760 6169
2765 6174
2766 6175
2768 6177
2769 6178
2770 6179
2771 6180
2773 6182
2774 6183
2775 6184
2776 6185
2777 6186
2779 6188
2780 6189
2781 6190
2782 6191
2783 6192
2784 6193
2785 6194
2786 6195
2787 6196
2788 6197
2789 6198
2790 6199
2791 6200
2792 6201
2793 6202
2794 6203
2795 6204
2796 6205
2797 6206
2798 6207
2799 6208
2800 6209
2801 6210
2802 6211
2803 6212
2804 6213
2805 6214
2806 6215
2807 6216
2808 6217
2809 6218
2810 6219
2811 6220
2812 6221
2813 6222
2814 6223
2815 6224
2816 6225
2817 6226
2818 6227
2819 6228
2820 6229
2821 6230
2822 6231
2823 6232
2824 6233
2825 6234
2826 6235
2827 6236
2830 6239
2831 6240
2832 6241
2833 6242
2834 6243
2837 6246
2838 6247
2839 6248
2840 6249
2841 6250
2843 6252
2844 6253
2845 6254
2846 6255
2847 6256
2848 6257
2849 6258
2850 6259
2851 6260
2852 6261
2853 6262
2855 6264
2856 6265
2857 6266
2858 6267
2859 6268
2860 6269
2861 6270
2862 6271
2863 6272
2864 6273
2865 6274
2866 6275
2867 6276
2868 6277
2869 6278
2871 6280
2872 6281
2873 6282
2874 6283
2875 6284
2876 6285
2877 6286
2878 6287
2879 6288
2880 6289
2881 6290
2882 6291
2883 6292
2884 6293
2885 6294
2886 6295
2887 6296
2888 6297
2889 6298
2890 6299
2891 6300
2892 6301
2894 6303
2895 6304
2896 6305
2897 6306
2898 6307
2899 6308
2900 6309
2901 6310
2902 6311
2903 6312
2904 6313
2905 6314
2906 6315
2907 6316
2908 6317
2909 6318
2910 6319
2911 6320
2913 6322
2914 6323
2915 6324
2919 6328
2920 6329
2921 6330
2922 6331
2923 6332
2924 6333
2925 6334
2926 6335
2927 6336
2928 6337
2929 6338
2930 6339
2931 6340
2932 6341
2933 6342
2934 6343
2935 6344
2936 6345
2937 6346
2938 6347
2940 6349
2941 6350
2942 6351
2943 6352
2944 6353
2945 6354
2946 6355
2948 6357
2950 6359
2953 6362
2956 6365
2958 6367
2959 6368
2960 6369
2961 6370
2962 6371
2963 6372
2964 6373
2965 6374
2966 6375
2967 6376
2968 6377
2969 6378
2970 6379
2972 6381
2973 6382
2974 6383
2975 6384
2976 6385
2977 6386
2978 6387
2979 6388
2980 6389
2981 6390
2982 6391
2984 6393
2985 6394
2986 6395
2987 6396
2988 6397
2989 6398
2990 6399
2991 6400
2992 6401
2993 6402
2994 6403
2995 6404
2997 6406
2998 6407
2999 6408
3000 6409
3001 6410
3002 6411
3003 6412
3004 6413
3005 6414
3007 6416
3010 6419
3011 6420
3012 6421
3013 6422
3014 6423
3015 6424
3016 6425
3017 6426
3018 6427
3019 6428
3020 6429
3021 6430
3022 6431
3023 6432
3024 6433
3025 6434
3026 6435
3027 6436
3028 6437
3029 6438
3030 6439
3031 6440
3032 6441
3033 6442
3035 6444
3038 6447
3039 6448
3040 6449
3041 6450
3042 6451
3044 6453
3045 6454
3046 6455
3047 6456
3048 6457
3049 6458
3050 6459
3053 6462
3054 6463
3055 6464
3056 6465
3057 6466
3058 6467
3059 6468
3060 6469
3061 6470
3062 6471
3063 6472
3064 6473
3065 6474
3066 6475
3067 6476
3068 6477
3069 6478
3070 6479
3071 6480
3072 6481
3073 6482
3074 6483
3075 6484
3076 6485
3077 6486
3078 6487
3079 6488
3080 6489
3082 6491
3083 6492
3084 6493
3085 6494
3086 6495
3087 6496
3089 6498
3090 6499
3091 6500
3092 6501
3093 6502
3095 6504
3096 6505
3097 6506
3099 6508
3100 6509
3101 6510
3102 6511
3103 6512
3104 6513
3105 6514
3106 6515
3107 6516
3108 6517
3109 6518
3110 6519
3111 6520
3112 6521
3113 6522
3114 6523
3115 6524
3117 6526
3118 6527
3119 6528
3120 6529
3121 6530
3122 6531
3123 6532
3124 6533
3125 6534
3126 6535
3127 6536
3128 6537
3129 6538
3130 6539
3131 6540
3132 6541
3133 6542
3134 6543
3135 6544
3136 6545
3138 6547
3139 6548
3140 6549
3142 6551
3143 6552
3144 6553
3145 6554
3146 6555
3147 6556
3148 6557
3149 6558
3151 6560
3152 6561
3154 6563
3155 6564
3156 6565
3157 6566
3158 6567
3159 6568
3160 6569
3161 6570
3162 6571
3163 6572
3164 6573
3165 6574
3166 6575
3167 6576
3168 6577
3169 6578
3170 6579
3171 6580
3172 6581
3173 6582
3174 6583
3175 6584
3176 6585
3177 6586
3178 6587
3179 6588
3180 6589
3181 6590
3182 6591
3183 6592
3184 6593
3185 6594
3186 6595
3188 6597
3189 6598
3191 6600
3192 6601
3193 6602
3194 6603
3196 6605
3197 6606
3198 6607
3199 6608
3200 6609
3202 6611
3203 6612
3204 6613
3205 6614
3206 6615
3207 6616
3208 6617
3209 6618
3210 6619
3211 6620
3212 6621
3213 6622
3214 6623
3215 6624
3218 6627
3219 6628
3220 6629
3221 6630
3223 6632
3224 6633
3225 6634
3226 6635
3227 6636
3228 6637
3229 6638
3230 6639
3232 6641
3234 6643
3235 6644
3237 6646
3238 6647
3239 6648
3241 6650
3242 6651
3243 6652
3244 6653
3245 6654
3247 6656
3248 6657
3249 6658
3250 6659
3252 6661
3253 6662
3254 6663
3255 6664
3257 6666
3258 6667
3260 6669
3261 6670
3262 6671
3263 6672
3264 6673
3266 6675
3267 6676
3268 6677
3269 6678
3270 6679
3271 6680
3272 6681
3273 6682
3274 6683
3275 6684
3278 6687
3280 6689
3281 6690
3282 6691
3283 6692
3284 6693
3285 6694
3286 6695
3288 6697
3289 6698
3290 6699
3291 6700
3292 6701
3293 6702
3294 6703
3295 6704
3296 6705
3297 6706
3298 6707
3299 6708
3300 6709
3301 6710
3302 6711
3304 6713
3305 6714
3306 6715
3307 6716
3308 6717
3309 6718
3310 6719
3311 6720
3312 6721
3315 6724
3316 6725
3317 6726
3318 6727
3319 6728
3320 6729
3321 6730
3322 6731
3323 6732
3325 6734
3326 6735
3327 6736
3329 6738
3330 6739
3331 6740
3332 6741
3333 6742
3334 6743
3335 6744
3336 6745
3337 6746
3338 6747
3339 6748
3340 6749
3341 6750
3342 6751
3343 6752
3344 6753
3345 6754
3347 6756
3348 6757
3349 6758
3350 6759
3351 6760
3352 6761
3354 6763
3356 6765
3357 6766
3358 6767
3359 6768
3360 6769
3361 6770
3362 6771
3363 6772
3364 6773
3365 6774
3366 6775
3367 6776
3368 6777
3369 6778
3370 6779
3371 6780
3372 6781
3373 6782
3374 6783
3375 6784
3376 6785
3377 6786
3380 6789
3381 6790
3383 6792
3384 6793
3385 6794
3386 6795
3387 6796
3388 6797
3389 6798
3390 6799
3391 6800
3392 6801
3393 6802
3394 6803
3395 6804
3396 6805
3397 6806
3398 6807
3401 6810
3402 6811
3403 6812
3404 6813
3406 6815
3407 6816
3408 6817
3409 6818
3411 6820
3412 6821
3413 6822
3414 6823
3415 6824
3416 6825
3417 6826
3418 6827
3419 6828
3420 6829
3421 6830
3422 6831
3423 6832
3424 6833
3425 6834
3426 6835
3427 6836
3428 6837
3430 6839
3431 6840
3432 6841
3433 6842
3434 6843
3435 6844
3436 6845
3437 6846
3438 6847
3439 6848
3440 6849
3441 6850
3442 6851
3443 6852
3444 6853
3445 6854
3446 6855
3447 6856
3448 6857
3449 6858
3450 6859
3451 6860
3453 6862
3454 6863
3455 6864
3456 6865
3457 6866
3458 6867
3459 6868
3460 6869
3461 6870
3462 6871
3463 6872
3464 6873
3465 6874
3466 6875
3467 6876
3468 6877
3469 6878
3470 6879
3471 6880
3472 6881
3475 6884
3476 6885
3477 6886
3478 6887
3479 6888
3480 6889
3481 6890
3482 6891
3483 6892
3484 6893
3485 6894
3486 6895
3487 6896
3488 6897
3489 6898
3490 6899
3491 6900
3492 6901
3493 6902
3494 6903
3496 6905
3497 6906
3498 6907
3499 6908
3500 6909
3501 6910
3502 6911
3503 6912
3504 6913
3505 6914
3507 6916
3508 6917
3510 6919
3511 6920
3512 6921
3513 6922
3516 6925
3517 6926
3518 6927
3520 6929
3521 6930
3522 6931
3523 6932
3524 6933
3525 6934
3526 6935
3528 6937
3529 6938
3531 6940
3532 6941
3533 6942
3534 6943
3535 6944
3536 6945
3537 6946
3538 6947
3539 6948
3540 6949
3541 6950
3542 6951
3543 6952
3544 6953
3546 6955
3548 6957
3549 6958
3550 6959
3551 6960
3552 6961
3553 6962
3554 6963
3555 6964
3556 6965
3557 6966
3558 6967
3559 6968
3560 6969
3561 6970
3562 6971
3563 6972
3564 6973
3565 6974
3566 6975
3567 6976
3568 6977
3569 6978
3570 6979
3571 6980
3573 6982
3574 6983
3575 6984
3576 6985
3577 6986
3578 6987
3579 6988
3580 6989
3581 6990
3582 6991
3583 6992
3584 6993
3585 6994
3586 6995
3587 6996
3588 6997
3589 6998
3590 6999
3591 7000
3593 7002
3594 7003
3595 7004
3596 7005
3597 7006
3598 7007
3600 7009
3601 7010
3602 7011
3604 7013
3605 7014
3607 7016
3608 7017
3609 7018
3610 7019
3611 7020
3612 7021
3613 7022
3614 7023
3615 7024
3616 7025
3617 7026
3618 7027
3620 7029
3621 7030
3622 7031
3623 7032
3624 7033
3625 7034
3626 7035
3627 7036
3628 7037
3629 7038
3630 7039
3631 7040
3633 7042
3634 7043
3635 7044
3636 7045
3637 7046
3638 7047
3639 7048
3640 7049
3641 7050
3642 7051
3643 7052
3644 7053
3645 7054
3646 7055
3648 7057
3649 7058
3652 7061
3653 7062
3656 7065
3657 7066
3658 7067
3659 7068
3661 7070
3662 7071
3663 7072
3664 7073
3665 7074
3666 7075
3667 7076
3668 7077
3669 7078
3670 7079
3671 7080
3672 7081
3673 7082
3674 7083
3675 7084
3676 7085
3677 7086
3678 7087
3679 7088
3680 7089
3682 7091
3684 7093
3685 7094
3686 7095
3687 7096
3688 7097
3689 7098
3690 7099
3691 7100
3692 7101
3693 7102
3694 7103
3695 7104
3696 7105
3697 7106
3698 7107
3700 7109
3701 7110
3702 7111
3703 7112
3704 7113
3705 7114
3706 7115
3708 7117
3709 7118
3710 7119
3711 7120
3712 7121
3713 7122
3714 7123
3715 7124
3716 7125
3717 7126
3718 7127
3719 7128
3720 7129
3721 7130
3722 7131
3723 7132
3724 7133
3725 7134
3726 7135
3727 7136
3728 7137
3729 7138
3730 7139
3731 7140
3732 7141
3733 7142
3735 7144
3736 7145
3737 7146
3738 7147
3739 7148
3740 7149
3741 7150
3742 7151
3743 7152
3744 7153
3745 7154
3746 7155
3747 7156
3748 7157
3749 7158
3750 7159
3751 7160
3752 7161
3753 7162
3754 7163
3755 7164
3758 7167
3759 7168
3760 7169
3761 7170
3762 7171
3763 7172
3764 7173
3765 7174
3766 7175
3767 7176
3768 7177
3769 7178
3770 7179
3771 7180
3772 7181
3775 7184
3776 7185
3777 7186
3778 7187
3779 7188
3780 7189
3781 7190
3782 7191
3783 7192
3784 7193
3785 7194
3788 7197
3789 7198
3790 7199
3791 7200
3792 7201
3793 7202
3794 7203
3795 7204
3796 7205
3797 7206
3798 7207
3799 7208
3803 7212
3804 7213
3806 7215
3807 7216
3808 7217
3810 7219
3811 7220
3812 7221
3814 7223
3815 7224
3816 7225
3817 7226
3819 7228
3820 7229
3821 7230
3822 7231
3824 7233
3825 7234
3826 7235
3827 7236
3828 7237
3829 7238
3831 7240
3832 7241
3833 7242
3834 7243
3835 7244
3836 7245
3837 7246
3838 7247
3839 7248
3840 7249
3842 7251
3844 7253
3846 7255
3847 7256
3848 7257
3849 7258
3850 7259
