0 3
1 5
2 1
3 4
4 3
5 6
6 7
7 2
8 78
9 36
10 3
11 10
12 14
13 6
14 1
15 13
16 1
17 3
18 1
19 143
20 14
21 4
22 2
23 24
24 5
25 6
26 15
27 1
28 5
29 1
30 1
31 5
32 2
33 135
34 1
35 174
36 1
37 4
38 7
39 627
40 1
41 1
42 10
43 32
44 1
45 14
46 5
47 5
48 6
49 3
50 2
51 11
52 22
53 1
54 7
55 205
56 171
57 13
58 9
59 90
60 20
61 1
62 3
63 9
64 1
65 5
66 1
67 144
68 17
69 2
70 1
71 8
72 39
73 9
74 64
75 21
76 1
77 5
78 2
79 26
80 140
81 22
82 6
83 4
84 181
85 4
86 10
87 2
88 1
89 20
90 11
91 20
92 5
93 2
94 3
95 8
96 2
97 8
98 8
99 23
100 4
101 6
102 9
103 9
104 9
105 3
106 23
107 4
108 7
109 4
110 2
111 5
112 9
113 8
114 1
115 1
116 14
117 22
118 1
119 13
120 6
121 23
122 11
123 71
124 2
125 4
126 7
127 3
128 4
129 4
130 1
131 325
132 25
133 10
134 21
135 39
136 1
137 6
138 7
139 4
140 3
141 8
142 2
143 208
144 1
145 13
146 17
147 31
148 5
149 11
150 14
151 3
152 19
153 9
154 111
155 7
156 30
157 435
158 3
159 80
160 7
161 1
162 30
163 5
164 15
165 6
166 3
167 3
168 4
169 3
170 2
171 66
172 37
173 87
174 78
175 22
176 2
177 23
178 7
179 6
180 2
181 34
182 11
183 5
184 11
185 3
186 7
187 5
188 4
189 1
190 1
191 5
192 16
193 95
194 7
195 60
196 8
197 90
198 1
199 16
200 26
201 5
202 30
203 66
204 5
205 5
206 16
207 28
208 111
209 3
210 5
211 4
212 8
213 2
214 2
215 19
216 1
217 1
218 2
219 17
220 7
221 1
222 12
223 1
224 6
225 40
226 2
227 11
228 19
229 5
230 4
231 2
232 4
233 40
234 1
235 39
236 34
237 16
238 6
239 9
240 6
241 29
242 120
243 15
244 1
245 16
246 5
247 120
248 8
249 1
250 1
251 2
252 4
253 1
254 4
255 5
256 5
257 7
258 98
259 3
260 5
261 2
262 4
263 3
264 11
265 1
266 13
267 130
268 7
269 20
270 55
271 21
272 60
273 5
274 3
275 43
276 3
277 9
278 1
279 87
280 1
281 17
282 75
283 5
284 1
285 1
286 5
287 7
288 2
289 2
290 14
291 29
292 4
293 46
294 2
295 17
296 74
297 3
298 6
299 1
300 4
301 3
302 1
303 6
304 2
305 14
306 8
307 23
308 5
309 5
310 1
311 10
312 2
313 2
314 1
315 80
316 16
317 1
318 2
319 1
320 1
321 93
322 6
323 6
324 1
325 5
326 3
327 21
328 2
329 59
330 17
331 5
332 11
333 9
334 1
335 11
336 1
337 3
338 32
339 4
340 4
341 5
342 10
343 8
344 4
345 20
346 22
347 3
348 4
349 3
350 2
351 1
352 36
353 27
354 2
355 1
356 1
357 5
358 73
359 27
360 11
361 1
362 5
363 5
364 20
365 23
366 2
367 17
368 15
369 1
370 10
371 5
372 4
373 7
374 18
375 17
376 2
377 2
378 113
379 4
380 18
381 3
382 9
383 24
384 11
385 1
386 2
387 5
388 12
389 9
390 19
391 18
392 12
393 72
394 10
395 17
396 8
397 5
398 63
399 4
400 61
401 3
402 4
403 1
404 10
405 13
406 27
407 23
408 5
409 71
410 4
411 31
412 13
413 16
414 15
415 27
416 67
417 131
418 21
419 65
420 9
421 1
422 18
423 20
424 5
425 1
426 9
427 8
428 108
429 2
430 1
431 10
432 73
433 1
434 1
435 5
436 1
437 10
438 5
439 20
440 1
441 37
442 17
443 7
444 6
445 9
446 20
447 1
448 25
449 5
450 56
451 34
452 3
453 153
454 19
455 14
456 238
457 3
458 25
459 157
460 13
461 22
462 1
463 2
464 1
465 25
466 10
467 1
468 1
469 10
470 2
471 8
472 2
473 2
474 12
475 19
476 8
477 28
478 19
479 1
480 6
481 8
482 1
483 4
484 2
485 18
486 1
487 9
488 3
489 1
490 22
491 1
492 10
493 11
494 6
495 21
496 10
497 119
498 33
499 30
500 1
501 159
502 13
503 28
504 8
505 4
506 2
507 2
508 1
509 17
510 144
511 40
512 6
513 12
514 27
515 24
516 2
517 25
518 1
519 4
520 12
521 11
522 40
523 94
524 1
525 175
526 23
527 4
528 2
529 17
530 2
531 35
532 8
533 6
534 6
535 1
536 22
537 1
538 2
539 5
540 2
541 7
542 34
543 275
544 3
545 7
546 109
547 3
548 1
549 17
550 9
551 8
552 2
553 104
554 2
555 3
556 12
557 22
558 4
559 22
560 21
561 3
562 39
563 27
564 6
565 23
566 1
567 15
568 19
569 55
570 7
571 30
572 3
573 23
574 2
575 1
576 1
577 108
578 1
579 301
580 21
581 5
582 4
583 5
584 2
585 2
586 2
587 7
588 6
589 18
590 2
591 4
592 9
593 10
594 19
595 31
596 13
597 64
598 13
599 15
600 4
601 26
602 1
603 7
604 12
605 1
606 1
607 14
608 2
609 60
610 6
611 3
612 86
613 1
614 6
615 7
616 14
617 26
618 66
619 3
620 124
621 2
622 6
623 25
624 20
625 9
626 4
627 26
628 5
629 1
630 71
631 7
632 67
633 56
634 57
635 2
636 37
637 15
638 34
639 60
640 1
641 1
642 3
643 20
644 148
645 2
646 12
647 6
648 13
649 41
650 29
651 15
652 2
653 5
654 20
655 4
656 8
657 32
658 22
659 19
660 20
661 11
662 11
663 4
664 7
665 7
666 21
667 27
668 75
669 16
670 2
671 152
672 20
673 13
674 10
675 1
676 11
677 4
678 18
679 11
680 54
681 17
682 3
683 25
684 5
685 15
686 3
687 18
688 5
689 52
690 66
691 8
692 8
693 4
694 8
695 6
696 39
697 3
698 2
699 2
700 1
701 1
702 8
703 4
704 196
705 7
706 1
707 4
708 2
709 2
710 19
711 7
712 26
713 30
714 2
715 4
716 2
717 3
718 6
719 8
720 10
721 13
722 85
723 6
724 1
725 33
726 12
727 50
728 23
729 22
730 9
731 6
732 18
733 12
734 7
735 9
736 13
737 4
738 1
739 13
740 2
741 13
742 8
743 1
744 74
745 1
746 9
747 62
748 22
749 4
750 3
751 16
752 20
753 25
754 9
755 3
756 7
757 8
758 28
759 54
760 18
761 37
762 74
763 24
764 116
765 14
766 5
767 20
768 7
769 23
770 3
771 21
772 35
773 1
774 34
775 10
776 13
777 18
778 3
779 4
780 5
781 1
782 6
783 1
784 12
785 16
786 9
787 2
788 14
789 24
790 158
791 26
792 9
793 7
794 32
795 18
796 328
797 1
798 560
799 2
800 2
801 38
802 68
803 15
804 40
805 1
806 25
807 1
808 5
809 3
810 1
811 3
812 229
813 1
814 101
815 2
816 5
817 2
818 62
819 143
820 19
821 1
822 15
823 3
824 3
825 35
826 3
827 11
828 1
829 14
830 8
831 5
832 1
833 18
834 13
835 89
836 2
837 8
838 10
839 26
840 213
841 86
842 11
843 9
844 10
845 25
846 14
847 5
848 6
849 2
850 12
851 17
852 30
853 28
854 23
855 28
856 18
857 3
858 5
859 1
860 12
861 3
862 12
863 1
864 2
865 7
866 6
867 1
868 2
869 5
870 4
871 11
872 5
873 6
874 7
875 93
876 27
877 3
878 4
879 1
880 6
881 4
882 182
883 9
884 13
885 10
886 5
887 13
888 10
889 22
890 8
891 9
892 8
893 2
894 4
895 5
896 9
897 9
898 16
899 3
900 12
901 6
902 20
903 10
904 1
905 2
906 31
907 1
908 9
909 10
910 5
911 3
912 4
913 1
914 31
915 16
916 19
917 5
918 8
919 2
920 4
921 23
922 143
923 2
924 1
925 8
926 9
927 9
928 50
929 19
930 3
931 6
932 6
933 21
934 2
935 2
936 5
937 124
938 23
939 18
940 8
941 158
942 17
943 31
944 17
945 2
946 310
947 1
948 8
949 62
950 10
951 19
952 1
953 7
954 10
955 1
956 10
957 59
958 7
959 124
960 17
961 17
962 18
963 16
964 7
965 20
966 12
967 2
968 130
969 19
970 3
971 1
972 8
973 1
974 207
975 14
976 1
977 277
978 42
979 31
980 2
981 4
982 18
983 1
984 5
985 3
986 2
987 35
988 118
989 5
990 8
991 8
992 33
993 17
994 31
995 81
996 16
997 30
998 42
999 17
1000 3
1001 22
1002 17
1003 11
1004 16
1005 4
1006 6
1007 4
1008 1
1009 8
1010 3
1011 14
1012 4
1013 6
1014 8
1015 9
1016 2
1017 14
1018 2
1019 2
1020 4
1021 3
1022 71
1023 9
1024 1
1025 4
1026 294
1027 9
1028 1
1029 4
1030 7
1031 2
1032 22
1033 92
1034 70
1035 2
1036 15
1037 37
1038 2
1039 38
1040 70
1041 15
1042 9
1043 61
1044 59
1045 3
1046 4
1047 39
1048 20
1049 4
1050 4
1051 74
1052 2
1053 4
1054 22
1055 9
1056 3
1057 13
1058 3
1059 26
1060 5
1061 7
1062 6
1063 1
1064 135
1065 500
1066 1
1067 20
1068 112
1069 11
1070 79
1071 75
1072 11
1073 2
1074 25
1075 24
1076 4
1077 19
1078 6
1079 2
1080 4
1081 1
1082 5
1083 8
1084 34
1085 14
1086 7
1087 110
1088 16
1089 23
1090 9
1091 1
1092 5
1093 2
1094 11
1095 1
1096 1
1097 14
1098 1
1099 1
1100 6
1101 3
1102 12
1103 3
1104 7
1105 12
1106 11
1107 6
1108 4
1109 86
1110 168
1111 5
1112 2
1113 21
1114 24
1115 28
1116 90
1117 24
1118 2
1119 1
1120 17
1121 123
1122 1
1123 5
1124 1
1125 183
1126 3
1127 6
1128 8
1129 8
1130 3
1131 13
1132 76
1133 83
1134 50
1135 8
1136 4
1137 70
1138 15
1139 5
1140 12
1141 14
1142 10
1143 10
1144 21
1145 5
1146 30
1147 58
1148 8
1149 25
1150 13
1151 2
1152 11
1153 15
1154 147
1155 34
1156 10
1157 3
1158 21
1159 8
1160 25
1161 78
1162 7
1163 4
1164 2
1165 23
1166 1
1167 5
1168 4
1169 20
1170 4
1171 16
1172 29
1173 3
1174 88
1175 5
1176 1
1177 1
1178 66
1179 1
1180 113
1181 53
1182 25
1183 1
1184 29
1185 66
1186 33
1187 120
1188 14
1189 61
1190 92
1191 86
1192 88
1193 5
1194 14
1195 36
1196 35
1197 2
1198 1
1199 5
1200 36
1201 33
1202 1
1203 61
1204 62
1205 38
1206 11
1207 136
1208 1
1209 1
1210 6
1211 3
1212 35
1213 14
1214 10
1215 4
1216 7
1217 6
1218 56
1219 4
1220 65
1221 24
1222 1
1223 5
1224 27
1225 1
1226 70
1227 12
1228 6
1229 2
1230 28
1231 16
1232 7
1233 17
1234 78
1235 55
1236 13
1237 11
1238 4
1239 2
1240 2
1241 129
1242 611
1243 4
1244 1
1245 12
1246 1
1247 381
1248 2
1249 7
1250 3
1251 5
1252 15
1253 1
1254 1
1255 77
1256 15
1257 29
1258 23
1259 7
1260 1
1261 3
1262 12
1263 99
1264 93
1265 20
1266 4
1267 2
1268 16
1269 42
1270 15
1271 10
1272 1
1273 32
1274 3
1275 9
1276 4
1277 11
1278 12
1279 31
1280 7
1281 5
1282 20
1283 8
1284 18
1285 1
1286 15
1287 2
1288 36
1289 3
1290 14
1291 6
1292 3
1293 5
1294 19
1295 16
1296 12
1297 4
1298 4
1299 16
1300 6
1301 8
1302 14
1303 2
1304 1
1305 5
1306 82
1307 11
1308 1
1309 36
1310 13
1311 68
1312 1
1313 17
1314 32
1315 5
1316 4
1317 20
1318 13
1319 6
1320 3
1321 115
1322 9
1323 8
1324 4
1325 8
1326 9
1327 4
1328 6
1329 5
1330 13
1331 6
1332 59
1333 11
1334 25
1335 18
1336 4
1337 21
1338 14
1339 1
1340 8
1341 8
1342 12
1343 1
1344 2
1345 15
1346 5
1347 3
1348 4
1349 5
1350 19
1351 9
1352 2
1353 2
1354 2
1355 3
1356 3
1357 5
1358 2
1359 7
1360 58
1361 14
1362 4
1363 2
1364 67
1365 3
1366 2
1367 68
1368 20
1369 28
1370 36
1371 30
1372 9
1373 2
1374 27
1375 38
1376 7
1377 8
1378 4
1379 5
1380 6
1381 7
1382 28
1383 4
1384 21
1385 12
1386 1
1387 3
1388 6
1389 12
1390 3
1391 7
1392 93
1393 3
1394 4
1395 16
1396 10
1397 2
1398 78
1399 30
1400 53
1401 39
1402 3
1403 22
1404 1
1405 70
1406 30
1407 4
1408 3
1409 1
1410 27
1411 2
1412 11
1413 4
1414 37
1415 34
1416 12
1417 41
1418 8
1419 13
1420 5
1421 38
1422 1
1423 8
1424 4
1425 39
1426 3
1427 144
1428 24
1429 12
1430 19
1431 32
1432 7
1433 31
1434 3
1435 15
1436 59
1437 24
1438 16
1439 7
1440 10
1441 79
1442 3
1443 17
1444 4
1445 11
1446 11
1447 26
1448 9
1449 29
1450 6
1451 81
1452 10
1453 20
1454 16
1455 4
1456 16
1457 21
1458 19
1459 4
1460 36
1461 28
1462 1
1463 6
1464 4
1465 22
1466 44
1467 29
1468 12
1469 5
1470 18
1471 5
1472 30
1473 3
1474 90
1475 30
1476 35
1477 23
1478 71
1479 4
1480 94
1481 9
1482 192
1483 19
1484 15
1485 10
1486 1
1487 32
1488 7
1489 13
1490 30
1491 4
1492 18
1493 27
1494 2
1495 20
1496 5
1497 6
1498 4
1499 74
1500 7
1501 10
1502 3
1503 11
1504 8
1505 2
1506 2
1507 31
1508 23
1509 17
1510 16
1511 10
1512 3
1513 100
1514 19
1515 60
1516 100
1517 6
1518 57
1519 5
1520 24
1521 65
1522 29
1523 17
1524 3
1525 4
1526 1
1527 6
1528 120
1529 7
1530 1
1531 19
1532 20
1533 73
1534 5
1535 3
1536 6
1537 4
1538 34
1539 2
1540 10
1541 4
1542 4
1543 2
1544 37
1545 86
1546 7
1547 22
1548 1
1549 1
1550 14
1551 5
1552 9
1553 5
1554 11
1555 1
1556 99
1557 2
1558 10
1559 2
1560 15
1561 25
1562 3
1563 19
1564 16
1565 14
1566 1
1567 21
1568 25
1569 4
1570 3
1571 21
1572 8
1573 11
1574 18
1575 10
1576 12
1577 14
1578 5
1579 2
1580 9
1581 2
1582 3
1583 8
1584 70
1585 1
1586 21
1587 3
1588 3
1589 19
1590 8
1591 15
1592 30
1593 5
1594 8
1595 61
1596 82
1597 18
1598 76
1599 11
1600 2
1601 14
1602 633
1603 2
1604 2
1605 17
1606 3
1607 1
1608 5
1609 79
1610 2
1611 23
1612 105
1613 7
1614 1
1615 75
1616 87
1617 96
1618 35
1619 57
1620 10
1621 11
1622 7
1623 6
1624 8
1625 41
1626 9
1627 2
1628 30
1629 14
1630 56
1631 8
1632 7
1633 12
1634 12
1635 11
1636 22
1637 5
1638 14
1639 2
1640 2
1641 8
1642 1
1643 3
1644 5
1645 9
1646 4
1647 4
1648 1
1649 2
1650 7
1651 2
1652 1
1653 1
1654 4
1655 27
1656 12
1657 1
1658 20
1659 23
1660 3
1661 1
1662 20
1663 4
1664 18
1665 167
1666 5
1667 6
1668 25
1669 33
1670 11
1671 9
1672 12
1673 24
1674 1
1675 172
1676 5
1677 9
1678 7
1679 8
1680 34
1681 21
1682 1
1683 4
1684 4
1685 2
1686 6
1687 17
1688 33
1689 28
1690 58
1691 6
1692 17
1693 59
1694 1
1695 7
1696 6
1697 5
1698 21
1699 39
1700 6
1701 83
1702 27
1703 11
1704 14
1705 8
1706 24
1707 5
1708 9
1709 16
1710 12
1711 37
1712 3
1713 11
1714 6
1715 2
1716 1
1717 76
1718 10
1719 4
1720 79
1721 8
1722 13
1723 18
1724 4
1725 16
1726 1
1727 11
1728 7
1729 33
1730 1
1731 4
1732 1
1733 5
1734 10
1735 6
1736 22
1737 27
1738 38
1739 21
1740 5
1741 15
1742 2
1743 9
1744 121
1745 2
1746 3
1747 8
1748 19
1749 67
1750 4
1751 34
1752 4
1753 112
1754 4
1755 27
1756 5
1757 1
1758 98
1759 3
1760 7
1761 6
1762 19
1763 23
1764 29
1765 6
1766 10
1767 3
1768 13
1769 36
1770 14
1771 72
1772 20
1773 34
1774 13
1775 22
1776 13
1777 8
1778 1
1779 3
1780 24
1781 37
1782 7
1783 19
1784 2
1785 12
1786 148
1787 3
1788 23
1789 27
1790 52
1791 87
1792 90
1793 5
1794 6
1795 23
1796 21
1797 15
1798 3
1799 11
1800 2
1801 36
1802 22
1803 9
1804 2
1805 1
1806 23
1807 31
1808 25
1809 6
1810 4
1811 3
1812 13
1813 79
1814 6
1815 4
1816 11
1817 7
1818 2
1819 4
1820 33
1821 39
1822 6
1823 3
1824 10
1825 21
1826 26
1827 59
1828 2
1829 3
1830 19
1831 5
1832 32
1833 12
1834 2
1835 11
1836 11
1837 107
1838 23
1839 2
1840 1
1841 491
1842 37
1843 3
1844 1
1845 16
1846 102
1847 1
1848 7
1849 36
1850 31
1851 4
1852 1
1853 1
1854 24
1855 12
1856 11
1857 1
1858 4
1859 12
1860 100
1861 5
1862 38
1863 8
1864 5
1865 5
1866 11
1867 1
1868 3
1869 6
1870 68
1871 20
1872 3
1873 34
1874 2
1875 4
1876 36
1877 24
1878 58
1879 7
1880 13
1881 3
1882 22
1883 16
1884 8
1885 16
1886 17
1887 442
1888 6
1889 9
1890 63
1891 40
1892 5
1893 17
1894 10
1895 3
1896 8
1897 3
1898 2
1899 6
1900 15
1901 5
1902 7
1903 4
1904 68
1905 14
1906 10
1907 2
1908 99
1909 2
1910 1
1911 8
1912 35
1913 12
1914 2
1915 99
1916 3
1917 4
1918 9
1919 3
1920 19
1921 5
1922 8
1923 6
1924 7
1925 6
1926 3
1927 3
1928 1
1929 26
1930 3
1931 2
1932 1
1933 6
1934 9
1935 11
1936 6
1937 32
1938 73
1939 7
1940 6
1941 10
1942 1
1943 2
1944 5
1945 7
1946 3
1947 1
1948 3
1949 5
1950 9
1951 14
1952 4
1953 22
1954 20
1955 19
1956 60
1957 3
1958 13
1959 37
1960 1
1961 12
1962 1
1963 33
1964 16
1965 4
1966 1
1967 2
1968 78
1969 9
1970 30
1971 1
1972 7
1973 7
1974 17
1975 1
1976 25
1977 56
1978 6
1979 1
1980 11
1981 69
1982 98
1983 157
1984 14
1985 6
1986 31
1987 17
1988 12
1989 25
1990 8
1991 117
1992 4
1993 7
1994 9
1995 16
1996 68
1997 5
1998 123
1999 85
2000 12
2001 15
2002 15
2003 9
2004 13
2005 100
2006 72
2007 16
2008 61
2009 7
2010 1
2011 29
2012 80
2013 10
2014 2
2015 7
2016 1
2017 29
2018 20
2019 207
2020 6
2021 101
2022 7
2023 1
2024 11
2025 20
2026 8
2027 136
2028 18
2029 12
2030 6
2031 10
2032 14
2033 1
2034 17
2035 145
2036 15
2037 7
2038 12
2039 32
2040 96
2041 12
2042 82
2043 6
2044 19
2045 2
2046 43
2047 1
2048 13
2049 1
2050 24
2051 6
2052 18
2053 14
2054 4
2055 7
2056 36
2057 1
2058 13
2059 7
2060 34
2061 11
2062 3
2063 63
2064 76
2065 2
2066 1
2067 5
2068 27
2069 6
2070 10
2071 28
2072 1
2073 3
2074 160
2075 2
2076 2
2077 12
2078 16
2079 7
2080 126
2081 2
2082 6
2083 28
2084 6
2085 7
2086 1
2087 1
2088 10
2089 2
2090 3
2091 16
2092 14
2093 101
2094 82
2095 4
2096 14
2097 3
2098 2
2099 112
2100 24
2101 10
2102 17
2103 1
2104 4
2105 1
2106 7
2107 12
2108 1
2109 1
2110 9
2111 36
2112 8
2113 12
2114 2
2115 14
2116 56
2117 4
2118 4
2119 7
2120 8
2121 2
2122 1
2123 54
2124 12
2125 1
2126 7
2127 5
2128 10
2129 3
2130 8
2131 4
2132 1
2133 14
2134 4
2135 21
2136 16
2137 4
2138 158
2139 4
2140 3
2141 15
2142 34
2143 71
2144 8
2145 2
2146 14
2147 33
2148 12
2149 3
2150 68
2151 3
2152 4
2153 2
2154 9
2155 8
2156 7
2157 7
2158 274
2159 6
2160 7
2161 4
2162 6
2163 19
2164 18
2165 9
2166 2
2167 27
2168 17
2169 34
2170 3
2171 6
2172 2
2173 36
2174 40
2175 22
2176 5
2177 3
2178 142
2179 1
2180 1
2181 7
2182 3
2183 1
2184 18
2185 9
2186 1
2187 8
2188 2
2189 10
2190 4
2191 3
2192 2
2193 7
2194 92
2195 2
2196 20
2197 19
2198 5
2199 1
2200 6
2201 2
2202 7
2203 1
2204 4
2205 21
2206 7
2207 6
2208 2
2209 5
2210 3
2211 9
2212 68
2213 16
2214 54
2215 3
2216 1
2217 4
2218 4
2219 117
2220 4
2221 4
2222 3
2223 40
2224 172
2225 4
2226 10
2227 1
2228 12
2229 2
2230 2
2231 26
2232 4
2233 2
2234 5
2235 9
2236 5
2237 1
2238 66
2239 10
2240 6
2241 7
2242 6
2243 2
2244 10
2245 3
2246 128
2247 1
2248 9
2249 81
2250 108
2251 26
2252 55
2253 2
2254 3
2255 31
2256 9
2257 4
2258 4
2259 5
2260 31
2261 7
2262 32
2263 1
2264 16
2265 17
2266 4
2267 3
2268 4
2269 80
2270 2
2271 11
2272 4
2273 63
2274 93
2275 191
2276 13
2277 1
2278 1
2279 4
2280 2
2281 9
2282 67
2283 16
2284 19
2285 6
2286 10
2287 112
2288 2
2289 9
2290 1
2291 5
2292 31
2293 7
2294 22
2295 35
2296 10
2297 1
2298 9
2299 26
2300 72
2301 60
2302 8
2303 14
2304 30
2305 22
2306 79
2307 32
2308 27
2309 1
2310 12
2311 15
2312 7
2313 31
2314 22
2315 29
2316 23
2317 7
2318 38
2319 2
2320 9
2321 6
2322 41
2323 5
2324 22
2325 37
2326 88
2327 61
2328 62
2329 20
2330 4
2331 87
2332 87
2333 4
2334 1
2335 15
2336 7
2337 7
2338 203
2339 6
2340 33
2341 2
2342 6
2343 1
2344 28
2345 8
2346 6
2347 3
2348 3
2349 20
2350 20
2351 15
2352 5
2353 2
2354 5
2355 18
2356 12
2357 11
2358 1
2359 2
2360 7
2361 1
2362 30
2363 21
2364 7
2365 17
2366 2
2367 7
2368 7
2369 5
2370 4
2371 4
2372 11
2373 1
2374 5
2375 2
2376 1
2377 6
2378 11
2379 24
2380 14
2381 17
2382 25
2383 32
2384 13
2385 8
2386 17
2387 93
2388 3
2389 32
2390 558
2391 6
2392 2
2393 4
2394 9
2395 6
2396 33
2397 10
2398 25
2399 5
2400 5
2401 6
2402 4
2403 115
2404 3
2405 5
2406 6
2407 13
2408 3
2409 7
2410 1
2411 3
2412 7
2413 28
2414 5
2415 23
2416 87
2417 3
2418 16
2419 3
2420 6
2421 5
2422 88
2423 4
2424 24
2425 3
2426 4
2427 6
2428 1
2429 181
2430 3
2431 28
2432 10
2433 3
2434 5
2435 13
2436 4
2437 24
2438 12
2439 9
2440 4
2441 1
2442 12
2443 5
2444 5
2445 1
2446 3
2447 238
2448 7
2449 7
2450 4
2451 3
2452 2
2453 16
2454 19
2455 6
2456 15
2457 8
2458 6
2459 5
2460 3
2461 1
2462 9
2463 14
2464 4
2465 6
2466 2
2467 2
2468 15
2469 4
2470 8
2471 6
2472 69
2473 100
2474 8
2475 2
2476 4
2477 67
2478 7
2479 4
2480 2
2481 35
2482 1
2483 14
2484 27
2485 1
2486 5
2487 4
2488 5
2489 1
2490 17
2491 1
2492 33
2493 10
2494 1
2495 1
2496 23
2497 12
2498 3
2499 2
2500 1
2501 3
2502 1
2503 3
2504 117
2505 11
2506 98
2507 65
2508 72
2509 58
2510 13
2511 3
2512 194
2513 1
2514 19
2515 32
2516 133
2517 21
2518 9
2519 37
2520 1
2521 13
2522 6
2523 13
2524 12
2525 85
2526 2
2527 24
2528 144
2529 3
2530 2
2531 1
2532 32
2533 3
2534 38
2535 4
2536 5
2537 3
2538 14
2539 8
2540 13
2541 34
2542 1
2543 12
2544 18
2545 5
2546 5
2547 12
2548 15
2549 17
2550 4
2551 28
2552 190
2553 17
2554 4
2555 1
2556 3
2557 14
2558 3
2559 13
2560 31
2561 18
2562 26
2563 27
2564 33
2565 13
2566 5
2567 29
2568 11
2569 5
2570 12
2571 2
2572 15
2573 2
2574 7
2575 9
2576 1
2577 39
2578 1
2579 2
2580 1
2581 3
2582 8
2583 13
2584 27
2585 4
2586 4
2587 4
2588 37
2589 4
2590 3
2591 5
2592 6
2593 38
2594 28
2595 3
2596 23
2597 7
2598 19
2599 3
2600 1
2601 6
2602 12
2603 8
2604 15
2605 82
2606 33
2607 96
2608 8
2609 24
2610 413
2611 21
2612 62
2613 6
2614 11
2615 7
2616 7
2617 5
2618 4
2619 3
2620 31
2621 12
2622 14
2623 2
2624 3
2625 7
2626 12
2627 2
2628 114
2629 3
2630 2
2631 67
2632 32
2633 26
2634 20
2635 16
2636 20
2637 24
2638 1
2639 80
2640 39
2641 101
2642 20
2643 4
2644 2
2645 3
2646 35
2647 7
2648 7
2649 7
2650 68
2651 1
2652 13
2653 4
2654 11
2655 16
2656 93
2657 24
2658 7
2659 31
2660 22
2661 6
2662 61
2663 4
2664 67
2665 9
2666 42
2667 11
2668 28
2669 73
2670 18
2671 14
2672 28
2673 38
2674 81
2675 27
2676 3
2677 73
2678 6
2679 121
2680 12
2681 306
2682 13
2683 22
2684 2
2685 101
2686 104
2687 2
2688 3
2689 23
2690 1
2691 36
2692 73
2693 24
2694 7
2695 28
2696 3
2697 27
2698 6
2699 4
2700 7
2701 1
2702 5
2703 3
2704 1
2705 213
2706 5
2707 5
2708 1
2709 2
2710 2
2711 4
2712 24
2713 2
2714 10
2715 111
2716 12
2717 11
2718 13
2719 4
2720 54
2721 7
2722 33
2723 15
2724 4
2725 26
2726 19
2727 4
2728 15
2729 15
2730 2
2731 11
2732 11
2733 4
2734 11
2735 16
2736 1
2737 5
2738 7
2739 40
2740 21
2741 63
2742 1
2743 2
2744 113
2745 5
2746 4
2747 26
2748 2
2749 68
2750 10
2751 6
2752 1
2753 568
2754 1
2755 17
2756 338
2757 2
2758 15
2759 2
2760 4
2761 89
2762 95
2763 66
2764 127
2765 33
2766 31
2767 197
2768 12
2769 14
2770 14
2771 15
2772 92
2773 3
2774 11
2775 3
2776 2
2777 17
2778 191
2779 32
2780 6
2781 1
2782 42
2783 2
2784 8
2785 2
2786 1
2787 1
2788 9
2789 15
2790 2
2791 2
2792 7
2793 3
2794 6
2795 12
2796 1
2797 1
2798 7
2799 3
2800 12
2801 15
2802 6
2803 8
2804 1
2805 22
2806 24
2807 6
2808 7
2809 1
2810 1
2811 9
2812 13
2813 18
2814 9
2815 1
2816 2
2817 1
2818 1
2819 10
2820 12
2821 29
2822 7
2823 30
2824 26
2825 4
2826 15
2827 32
2828 79
2829 77
2830 3
2831 7
2832 9
2833 18
2834 19
2835 73
2836 72
2837 17
2838 22
2839 15
2840 43
2841 11
2842 51
2843 7
2844 6
2845 30
2846 11
2847 10
2848 9
2849 1
2850 29
2851 12
2852 1
2853 20
2854 132
2855 1
2856 2
2857 9
2858 2
2859 2
2860 33
2861 1
2862 12
2863 13
2864 10
2865 4
2866 9
2867 6
2868 7
2869 2
2870 129
2871 3
2872 29
2873 20
2874 2
2875 3
2876 16
2877 3
2878 2
2879 3
2880 12
2881 4
2882 12
2883 2
2884 6
2885 12
2886 14
2887 25
2888 3
2889 13
2890 7
2891 6
2892 11
2893 75
2894 2
2895 14
2896 13
2897 5
2898 12
2899 2
2900 2
2901 16
2902 2
2903 14
2904 27
2905 2
2906 5
2907 5
2908 1
2909 8
2910 8
2911 10
2912 111
2913 10
2914 12
2915 3
2916 68
2917 128
2918 128
2919 33
2920 4
2921 8
2922 14
2923 11
2924 6
2925 8
2926 4
2927 21
2928 1
2929 12
2930 23
2931 4
2932 12
2933 2
2934 4
2935 10
2936 10
2937 23
2938 26
2939 86
2940 11
2941 14
2942 2
2943 18
2944 4
2945 25
2946 18
2947 81
2948 29
2949 109
2950 7
2951 96
2952 110
2953 10
2954 74
2955 64
2956 8
2957 118
2958 10
2959 9
2960 1
2961 7
2962 23
2963 9
2964 25
2965 8
2966 8
2967 1
2968 32
2969 32
2970 6
2971 106
2972 4
2973 10
2974 3
2975 1
2976 1
2977 1
2978 4
2979 11
2980 9
2981 1
2982 38
2983 107
2984 15
2985 2
2986 13
2987 4
2988 21
2989 2
2990 5
2991 10
2992 1
2993 21
2994 10
2995 3
2996 69
2997 1
2998 36
2999 33
3000 29
3001 14
3002 2
3003 8
3004 5
3005 6
3006 105
3007 25
3008 84
3009 117
3010 17
3011 1
3012 7
3013 12
3014 4
3015 20
3016 33
3017 1
3018 1
3019 14
3020 2
3021 1
3022 3
3023 24
3024 6
3025 1
3026 5
3027 10
3028 25
3029 19
3030 4
3031 24
3032 33
3033 10
3034 90
3035 10
3036 217
3037 147
3038 2
3039 13
3040 1
3041 14
3042 4
3043 57
3044 2
3045 8
3046 3
3047 12
3048 5
3049 28
3050 22
3051 76
3052 73
3053 4
3054 1
3055 5
3056 1
3057 2
3058 5
3059 7
3060 1
3061 25
3062 1
3063 32
3064 7
3065 36
3066 5
3067 34
3068 6
3069 3
3070 8
3071 5
3072 36
3073 4
3074 6
3075 25
3076 3
3077 6
3078 6
3079 2
3080 3
3081 121
3082 26
3083 12
3084 29
3085 11
3086 3
3087 20
3088 1026
3089 3
3090 2
3091 1
3092 10
3093 2
3094 94
3095 2
3096 10
3097 5
3098 200
3099 1
3100 14
3101 4
3102 9
3103 1
3104 2
3105 7
3106 38
3107 18
3108 8
3109 2
3110 20
3111 2
3112 2
3113 21
3114 25
3115 27
3116 68
3117 5
3118 1
3119 4
3120 9
3121 2
3122 1
3123 7
3124 8
3125 9
3126 24
3127 42
3128 4
3129 5
3130 4
3131 7
3132 1
3133 25
3134 4
3135 8
3136 1
3137 248
3138 4
3139 8
3140 9
3141 107
3142 37
3143 7
3144 2
3145 38
3146 1
3147 6
3148 12
3149 17
3150 228
3151 22
3152 2
3153 162
3154 3
3155 1
3156 13
3157 14
3158 5
3159 4
3160 5
3161 6
3162 1
3163 19
3164 10
3165 4
3166 4
3167 3
3168 1
3169 5
3170 3
3171 7
3172 2
3173 15
3174 4
3175 15
3176 3
3177 18
3178 4
3179 2
3180 7
3181 1
3182 1
3183 12
3184 4
3185 35
3186 7
3187 91
3188 21
3189 11
3190 94
3191 8
3192 15
3193 2
3194 8
3195 66
3196 20
3197 32
3198 20
3199 8
3200 2
3201 89
3202 18
3203 20
3204 7
3205 12
3206 2
3207 5
3208 23
3209 18
3210 7
3211 1
3212 9
3213 2
3214 8
3215 4
3216 64
3217 106
3218 30
3219 1
3220 2
3221 17
3222 101
3223 20
3224 9
3225 30
3226 33
3227 37
3228 18
3229 16
3230 2
3231 130
3232 6
3233 66
3234 10
3235 5
3236 69
3237 2
3238 1
3239 4
3240 104
3241 25
3242 37
3243 14
3244 31
3245 7
3246 121
3247 35
3248 10
3249 6
3250 35
3251 144
3252 6
3253 34
3254 12
3255 23
3256 54
3257 1
3258 15
3259 130
3260 12
3261 19
3262 4
3263 36
3264 33
3265 182
3266 2
3267 17
3268 8
3269 1
3270 4
3271 1
3272 18
3273 3
3274 17
3275 22
3276 62
3277 92
3278 40
3279 134
3280 32
3281 10
3282 15
3283 9
3284 1
3285 1
3286 35
3287 63
3288 1
3289 17
3290 3
3291 24
3292 15
3293 20
3294 3
3295 41
3296 25
3297 11
3298 23
3299 2
3300 9
3301 19
3302 12
3303 63
3304 11
3305 15
3306 15
3307 6
3308 2
3309 13
3310 2
3311 3
3312 17
3313 176
3314 86
3315 2
3316 5
3317 9
3318 4
3319 18
3320 4
3321 6
3322 8
3323 1
3324 114
3325 3
3326 6
3327 2
3328 287
3329 13
3330 26
3331 26
3332 31
3333 3
3334 5
3335 26
3336 39
3337 1
3338 17
3339 5
3340 9
3341 10
3342 2
3343 8
3344 3
3345 4
3346 63
3347 6
3348 3
3349 3
3350 10
3351 8
3352 4
3353 190
3354 4
3355 59
3356 31
3357 13
3358 10
3359 4
3360 7
3361 9
3362 14
3363 4
3364 10
3365 10
3366 37
3367 26
3368 12
3369 16
3370 20
3371 9
3372 4
3373 35
3374 12
3375 1
3376 1
3377 4
3378 61
3379 69
3380 9
3381 2
3382 106
3383 11
3384 4
3385 16
3386 1
3387 1
3388 5
3389 8
3390 3
3391 11
3392 7
3393 4
3394 16
3395 5
3396 13
3397 7
3398 10
3399 121
3400 84
3401 32
3402 21
3403 7
3404 13
3405 72
3406 1
3407 15
3408 21
3409 5
3410 88
3411 6
3412 3
3413 28
3414 16
3415 8
3416 7
3417 5
3418 22
3419 13
3420 1
3421 4
3422 22
3423 16
3424 6
3425 6
3426 14
3427 9
3428 2
3429 209
3430 9
3431 9
3432 14
3433 8
3434 23
3435 4
3436 3
3437 12
3438 1
3439 1
3440 12
3441 5
3442 4
3443 10
3444 7
3445 2
3446 4
3447 13
3448 1
3449 2
3450 7
3451 3
3452 439
3453 9
3454 16
3455 7
3456 1
3457 12
3458 3
3459 4
3460 9
3461 11
3462 1
3463 22
3464 31
3465 26
3466 10
3467 1
3468 2
3469 4
3470 2
3471 2
3472 2
3473 82
3474 60
3475 13
3476 10
3477 5
3478 6
3479 11
3480 3
3481 1
3482 7
3483 5
3484 1
3485 10
3486 15
3487 1
3488 8
3489 5
3490 1
3491 30
3492 12
3493 33
3494 11
3495 89
3496 21
3497 19
3498 1
3499 2
3500 3
3501 7
3502 9
3503 1
3504 9
3505 1
3506 79
3507 35
3508 25
3509 299
3510 20
3511 18
3512 9
3513 21
3514 73
3515 254
3516 21
3517 5
3518 6
3519 116
3520 2
3521 1
3522 9
3523 16
3524 16
3525 12
3526 2
3527 54
3528 5
3529 10
3530 554
3531 7
3532 14
3533 36
3534 40
3535 15
3536 6
3537 19
3538 2
3539 6
3540 5
3541 38
3542 24
3543 3
3544 14
3545 63
3546 1
3547 69
3548 1
3549 21
3550 22
3551 45
3552 41
3553 11
3554 25
3555 29
3556 1
3557 3
3558 14
3559 3
3560 4
3561 12
3562 8
3563 4
3564 17
3565 17
3566 1
3567 2
3568 39
3569 8
3570 12
3571 10
3572 83
3573 5
3574 14
3575 34
3576 4
3577 14
3578 8
3579 24
3580 1
3581 1
3582 6
3583 4
3584 28
3585 1
3586 2
3587 12
3588 24
3589 24
3590 4
3591 6
3592 79
3593 4
3594 1
3595 22
3596 25
3597 24
3598 15
3599 203
3600 10
3601 6
3602 29
3603 69
3604 2
3605 28
3606 255
3607 8
3608 38
3609 4
3610 3
3611 3
3612 32
3613 9
3614 16
3615 4
3616 1
3617 9
3618 4
3619 96
3620 14
3621 3
3622 3
3623 2
3624 34
3625 18
3626 13
3627 17
3628 11
3629 13
3630 30
3631 4
3632 59
3633 2
3634 7
3635 2
3636 6
3637 21
3638 8
3639 4
3640 5
3641 16
3642 5
3643 6
3644 15
3645 5
3646 10
3647 68
3648 6
3649 4
3650 93
3651 179
3652 15
3653 20
3654 112
3655 85
3656 2
3657 2
3658 8
3659 7
3660 64
3661 29
3662 3
3663 13
3664 4
3665 26
3666 20
3667 27
3668 3
3669 2
3670 6
3671 6
3672 7
3673 40
3674 7
3675 2
3676 1
3677 1
3678 19
3679 28
3680 18
3681 61
3682 6
3683 107
3684 27
3685 6
3686 1
3687 8
3688 2
3689 33
3690 5
3691 3
3692 2
3693 2
3694 10
3695 15
3696 1
3697 8
3698 4
3699 177
3700 1
3701 9
3702 35
3703 2
3704 4
3705 5
3706 9
3707 142
3708 7
3709 9
3710 8
3711 1
3712 8
3713 2
3714 2
3715 1
3716 3
3717 4
3718 8
3719 2
3720 1
3721 6
3722 23
3723 5
3724 33
3725 1
3726 1
3727 13
3728 18
3729 1
3730 15
3731 21
3732 4
3733 3
3734 136
3735 8
3736 6
3737 17
3738 4
3739 22
3740 1
3741 6
3742 7
3743 12
3744 6
3745 5
3746 5
3747 15
3748 2
3749 18
3750 13
3751 31
3752 11
3753 14
3754 7
3755 26
3756 86
3757 79
3758 23
3759 18
3760 33
3761 14
3762 2
3763 11
3764 7
3765 17
3766 5
3767 2
3768 20
3769 12
3770 8
3771 29
3772 1
3773 55
3774 175
3775 5
3776 14
3777 3
3778 13
3779 9
3780 2
3781 26
3782 36
3783 29
3784 19
3785 6
3786 75
3787 245
3788 6
3789 1
3790 4
3791 15
3792 3
3793 5
3794 7
3795 1
3796 1
3797 9
3798 32
3799 27
3800 294
3801 75
3802 95
3803 9
3804 15
3805 70
3806 13
3807 8
3808 39
3809 53
3810 22
3811 1
3812 6
3813 440
3814 1
3815 1
3816 4
3817 4
3818 273
3819 5
3820 22
3821 2
3822 29
3823 124
3824 8
3825 2
3826 5
3827 1
3828 9
3829 1
3830 63
3831 3
3832 7
3833 7
3834 21
3835 1
3836 3
3837 30
3838 5
3839 4
3840 25
3841 89
3842 3
3843 151
3844 10
3845 97
3846 34
3847 2
3848 1
3849 3
3850 7
3851 12
3852 3
3853 26
3854 48
3855 101
3856 17
3857 4
3858 10
3859 69
3860 150
3861 15
3862 40
3863 2
3864 11
3865 12
3866 32
3867 2
3868 11
3869 4
3870 3
3871 1
3872 6
3873 1
3874 23
3875 4
3876 14
3877 3
3878 19
3879 14
3880 39
3881 66
3882 27
3883 6
3884 16
3885 18
3886 16
3887 17
3888 86
3889 13
3890 3
3891 4
3892 1
3893 4
3894 3
3895 6
3896 7
3897 2
3898 35
3899 2
3900 10
3901 13
3902 5
3903 1
3904 12
3905 1
3906 3
3907 1
3908 14
3909 4
3910 2
3911 21
3912 5
3913 6
3914 12
3915 1
3916 4
3917 1
3918 1
3919 5
3920 2
3921 1
3922 1
3923 4
3924 6
3925 1
3926 1
3927 10
3928 27
3929 1
3930 13
3931 5
3932 4
3933 6
3934 3
3935 2
3936 9
3937 21
3938 1
3939 7
3940 12
3941 8
3942 18
3943 1
3944 3
3945 7
3946 0
3947 5
3948 1
3949 16
3950 2
3951 1
3952 6
3953 36
3954 8
3955 19
3956 1
3957 5
3958 2
3959 23
3960 19
3961 6
3962 2
3963 4
3964 8
3965 1
3966 1
3967 18
3968 11
3969 18
3970 5
3971 1
3972 3
3973 7
3974 1
3975 7
3976 8
3977 21
3978 4
3979 6
3980 6
3981 9
3982 7
3983 2
3984 22
3985 3
3986 7
3987 2
3988 2
3989 5
3990 9
3991 8
3992 1
3993 1
3994 12
3995 21
3996 1
3997 13
3998 5
3999 21
4000 11
4001 1
4002 4
4003 7
4004 3
4005 4
4006 4
4007 1
4008 22
4009 9
4010 17
4011 36
4012 1
4013 5
4014 7
4015 4
4016 2
4017 8
4018 1
4019 1
4020 12
4021 13
4022 27
4023 5
4024 10
4025 10
4026 2
4027 16
4028 7
4029 6
4030 27
4031 3
4032 7
4033 1
4034 29
4035 4
4036 14
4037 4
4038 2
4039 3
4040 4
4041 3
4042 2
4043 33
4044 21
4045 2
4046 21
4047 7
4048 5
4049 2
4050 32
4051 8
4052 5
4053 11
4054 3
4055 7
4056 5
4057 4
4058 1
4059 1
4060 3
4061 15
4062 6
4063 7
4064 1
4065 15
4066 23
4067 4
4068 24
4069 4
4070 5
4071 14
4072 27
4073 3
4074 4
4075 4
4076 6
4077 2
4078 2
4079 17
4080 1
4081 1
4082 2
4083 16
4084 7
4085 1
4086 12
4087 1
4088 4
4089 2
4090 11
4091 16
4092 5
4093 4
4094 2
4095 4
4096 36
4097 1
4098 31
4099 14
4100 6
4101 9
4102 6
4103 24
4104 14
4105 1
4106 16
4107 5
4108 8
4109 1
4110 1
4111 2
4112 4
4113 1
4114 3
4115 4
4116 4
4117 5
4118 3
4119 5
4120 2
4121 2
4122 3
4123 8
4124 0
4125 11
4126 6
4127 17
4128 20
4129 4
4130 3
4131 35
4132 3
4133 8
4134 1
4135 1
4136 16
4137 5
4138 0
4139 1
4140 4
4141 6
4142 2
4143 1
4144 12
4145 24
4146 4
4147 31
4148 2
4149 13
4150 3
4151 6
4152 1
4153 4
4154 3
4155 1
4156 6
4157 2
4158 12
4159 5
4160 17
4161 4
4162 5
4163 1
4164 8
4165 2
4166 2
4167 1
4168 15
4169 1
4170 2
4171 1
4172 1
4173 4
4174 5
4175 1
4176 4
4177 3
4178 19
4179 2
4180 17
4181 5
4182 11
4183 6
4184 1
4185 9
4186 1
4187 2
4188 27
4189 4
4190 4
4191 5
4192 7
4193 8
4194 4
4195 18
4196 21
4197 3
4198 3
4199 2
4200 2
4201 1
4202 32
4203 26
4204 2
4205 1
4206 0
4207 5
4208 25
4209 11
4210 1
4211 5
4212 5
4213 15
4214 20
4215 2
4216 16
4217 13
4218 0
4219 10
4220 5
4221 4
4222 6
4223 15
4224 15
4225 2
4226 1
4227 2
4228 14
4229 3
4230 8
4231 21
4232 9
4233 1
4234 2
4235 4
4236 11
4237 7
4238 17
4239 16
4240 12
4241 8
4242 15
4243 5
4244 5
4245 3
4246 3
4247 3
4248 1
4249 9
4250 13
4251 22
4252 21
4253 3
4254 4
4255 28
4256 13
4257 14
4258 13
4259 24
4260 17
4261 8
4262 1
4263 17
4264 18
4265 5
4266 1
4267 8
4268 8
4269 2
4270 1
4271 7
4272 0
4273 1
4274 5
4275 1
4276 9
4277 5
4278 18
4279 1
4280 30
4281 17
4282 7
4283 4
4284 7
4285 18
4286 1
4287 20
4288 5
4289 32
4290 2
4291 15
4292 9
4293 2
4294 17
4295 13
4296 20
4297 1
4298 1
4299 1
4300 23
4301 6
4302 1
4303 1
4304 10
4305 2
4306 7
4307 1
4308 1
4309 12
4310 17
4311 7
4312 23
4313 17
4314 1
4315 6
4316 6
4317 0
4318 2
4319 2
4320 17
4321 1
4322 8
4323 3
4324 0
4325 21
4326 1
4327 8
4328 8
4329 6
4330 17
4331 7
4332 27
4333 26
4334 1
4335 12
4336 27
4337 8
4338 2
4339 2
4340 1
4341 1
4342 16
4343 35
4344 6
4345 12
4346 25
4347 20
4348 2
4349 23
4350 1
4351 4
4352 12
4353 10
4354 37
4355 1
4356 21
4357 4
4358 2
4359 15
4360 2
4361 29
4362 8
4363 5
4364 6
4365 1
4366 18
4367 1
4368 2
4369 21
4370 19
4371 22
4372 44
4373 9
4374 24
4375 15
4376 2
4377 17
4378 26
4379 10
4380 2
4381 9
4382 4
4383 11
4384 33
4385 4
4386 20
4387 51
4388 28
4389 36
4390 27
4391 23
4392 22
4393 5
4394 17
4395 19
4396 39
4397 25
4398 6
4399 25
4400 9
4401 32
4402 15
4403 30
4404 19
4405 15
4406 29
4407 38
4408 16
4409 2
4410 24
4411 24
4412 16
4413 29
4414 5
4415 9
4416 12
4417 11
4418 26
4419 33
4420 25
4421 15
4422 18
4423 11
4424 31
4425 3
4426 17
4427 13
4428 3
4429 5
4430 17
4431 2
4432 13
4433 4
4434 3
4435 6
4436 16
4437 13
4438 29
4439 7
4440 4
4441 26
4442 20
4443 17
4444 10
4445 17
4446 59
4447 7
4448 35
4449 6
4450 14
4451 34
4452 14
4453 31
4454 3
4455 5
4456 41
4457 36
4458 6
4459 14
4460 6
4461 12
4462 40
4463 44
4464 23
4465 5
4466 15
4467 21
4468 28
4469 11
4470 34
4471 24
4472 20
4473 18
4474 10
4475 12
4476 24
4477 7
4478 18
4479 19
4480 22
4481 26
4482 4
4483 40
4484 32
4485 10
4486 19
4487 17
4488 4
4489 19
4490 11
4491 21
4492 8
4493 50
4494 17
4495 21
4496 2
4497 29
4498 24
4499 15
4500 9
4501 6
4502 7
4503 14
4504 39
4505 4
4506 13
4507 3
4508 2
4509 5
4510 11
4511 13
4512 7
4513 7
4514 16
4515 12
4516 7
4517 17
4518 7
4519 24
4520 33
4521 4
4522 21
4523 22
4524 30
4525 6
4526 29
4527 11
4528 12
4529 22
4530 1
4531 27
4532 16
4533 21
4534 19
4535 11
4536 12
4537 20
4538 20
4539 9
4540 22
4541 11
4542 4
4543 1
4544 19
4545 4
4546 13
4547 23
4548 6
4549 12
4550 19
4551 30
4552 11
4553 22
4554 19
4555 45
4556 23
4557 16
4558 24
4559 18
4560 10
4561 34
4562 27
4563 35
4564 51
4565 20
4566 7
4567 38
4568 15
4569 43
4570 3
4571 27
4572 35
4573 3
4574 48
4575 10
4576 16
4577 19
4578 22
4579 7
4580 17
4581 27
4582 8
4583 1
4584 16
4585 15
4586 9
4587 2
4588 14
4589 22
4590 23
4591 28
4592 8
4593 56
4594 16
4595 32
4596 2
4597 15
4598 33
4599 13
4600 33
4601 1
4602 26
4603 14
4604 33
4605 35
4606 3
4607 3
4608 6
4609 33
4610 32
4611 3
4612 16
4613 1
4614 49
4615 13
4616 3
4617 33
4618 3
4619 15
4620 3
4621 43
4622 21
4623 13
4624 5
4625 22
4626 16
4627 2
4628 12
4629 10
4630 42
4631 12
4632 13
4633 34
4634 25
4635 14
4636 15
4637 11
4638 4
4639 34
4640 33
4641 34
4642 37
4643 22
4644 25
4645 27
4646 12
4647 8
4648 3
4649 12
4650 3
4651 10
4652 5
4653 3
4654 18
4655 6
4656 1
4657 4
4658 10
4659 7
4660 15
4661 18
4662 7
4663 6
4664 26
4665 18
4666 31
4667 21
4668 13
4669 5
4670 11
4671 24
4672 66
4673 5
4674 32
4675 13
4676 21
4677 18
4678 44
4679 20
4680 11
4681 5
4682 35
4683 10
4684 15
4685 17
4686 13
4687 23
4688 34
4689 24
4690 13
4691 18
4692 10
4693 46
4694 2
4695 23
4696 10
4697 36
4698 5
4699 17
4700 7
4701 32
4702 20
4703 37
4704 20
4705 17
4706 5
4707 7
4708 36
4709 6
4710 7
4711 20
4712 11
4713 10
4714 21
4715 3
4716 14
4717 6
4718 45
4719 13
4720 2
4721 6
4722 39
4723 43
4724 12
4725 18
4726 45
4727 29
4728 7
4729 4
4730 7
4731 18
4732 24
4733 4
4734 11
4735 18
4736 5
4737 16
4738 11
4739 12
4740 4
4741 0
4742 11
4743 20
4744 16
4745 4
4746 20
4747 14
4748 1
4749 6
4750 8
4751 6
4752 1
4753 2
4754 15
4755 5
4756 2
4757 4
4758 4
4759 14
4760 7
4761 2
4762 2
4763 2
4764 2
4765 2
4766 5
4767 2
4768 7
4769 0
4770 14
4771 3
4772 2
4773 0
4774 2
4775 1
4776 0
4777 18
4778 25
4779 29
4780 30
4781 7
4782 2
4783 25
4784 37
4785 7
4786 8
4787 3
4788 5
4789 6
4790 7
4791 24
4792 4
4793 19
4794 11
4795 1
4796 3
4797 5
4798 10
4799 3
4800 6
4801 0
4802 2
4803 4
4804 15
4805 10
4806 2
4807 0
4808 23
4809 0
4810 0
4811 3
4812 21
4813 1
4814 0
4815 30
4816 4
4817 3
4818 0
4819 25
4820 2
4821 10
4822 4
4823 31
4824 30
4825 10
4826 35
4827 8
4828 12
4829 5
4830 36
4831 1
4832 6
4833 4
4834 34
4835 3
4836 0
4837 23
4838 11
4839 18
4840 29
4841 6
4842 30
4843 3
4844 14
4845 0
4846 23
4847 14
4848 7
4849 10
4850 0
4851 3
4852 16
4853 4
4854 10
4855 10
4856 23
4857 8
4858 25
4859 6
4860 0
4861 9
4862 17
4863 13
4864 4
4865 15
4866 18
4867 18
4868 3
4869 35
4870 27
4871 1
4872 6
4873 4
4874 20
4875 35
4876 27
4877 11
4878 5
4879 12
4880 5
4881 27
4882 3
4883 0
4884 27
4885 32
4886 20
4887 0
4888 3
4889 0
4890 8
4891 0
4892 18
4893 15
4894 10
4895 1
4896 28
4897 7
4898 12
4899 28
4900 3
4901 15
4902 26
4903 0
4904 18
4905 4
4906 6
4907 4
4908 0
4909 5
4910 7
4911 3
4912 10
4913 6
4914 2
4915 2
4916 28
4917 23
4918 14
4919 15
4920 8
4921 3
4922 0
4923 18
4924 0
4925 0
4926 6
4927 0
4928 5
4929 22
4930 0
4931 28
4932 15
4933 2
4934 4
4935 1
4936 4
4937 0
4938 7
4939 1
4940 16
4941 20
4942 0
4943 5
4944 3
4945 6
4946 3
4947 27
4948 2
4949 8
4950 4
4951 4
4952 2
4953 29
4954 0
4955 7
4956 21
4957 0
4958 1
4959 12
4960 5
4961 9
4962 4
4963 11
4964 1
4965 0
4966 2
4967 8
4968 2
4969 14
4970 23
4971 2
4972 16
4973 13
4974 14
4975 1
4976 21
4977 22
4978 4
4979 2
4980 20
4981 8
4982 10
4983 15
4984 10
4985 10
4986 14
4987 3
4988 2
4989 8
4990 2
4991 3
4992 8
4993 0
4994 1
4995 19
4996 3
4997 3
4998 19
4999 7
5000 13
5001 29
5002 4
5003 6
5004 0
5005 0
5006 13
5007 0
5008 11
5009 2
5010 11
5011 0
5012 1
5013 1
5014 15
5015 3
5016 1
5017 5
5018 0
5019 2
5020 21
5021 0
5022 6
5023 1
5024 0
5025 0
5026 0
5027 29
5028 0
5029 8
5030 10
5031 6
5032 5
5033 7
5034 35
5035 9
5036 2
5037 27
5038 14
5039 0
5040 7
5041 7
5042 11
5043 10
5044 10
5045 18
5046 5
5047 13
5048 2
5049 1
5050 7
5051 1
5052 3
5053 4
5054 8
5055 4
5056 4
5057 1
5058 2
5059 6
5060 2
5061 1
5062 1
5063 4
5064 21
5065 11
5066 1
5067 17
5068 22
5069 3
5070 1
5071 20
5072 4
5073 15
5074 0
5075 5
5076 6
5077 23
5078 31
5079 8
5080 9
5081 10
5082 20
5083 1
5084 0
5085 5
5086 9
5087 7
5088 7
5089 29
5090 18
5091 1
5092 4
5093 4
5094 2
5095 6
5096 13
5097 27
5098 28
5099 0
5100 5
5101 16
5102 0
5103 1
5104 5
5105 6
5106 5
5107 19
5108 33
5109 5
5110 0
5111 23
5112 11
5113 11
5114 7
5115 20
5116 4
5117 9
5118 16
5119 10
5120 33
5121 3
5122 11
5123 6
5124 2
5125 1
5126 0
5127 10
5128 3
5129 0
5130 7
5131 12
5132 17
5133 3
5134 10
5135 1
5136 11
5137 6
5138 31
5139 1
5140 4
5141 0
5142 5
5143 9
5144 5
5145 22
5146 25
5147 35
5148 17
5149 5
5150 14
5151 2
5152 9
5153 0
5154 2
5155 3
5156 6
5157 16
5158 0
5159 3
5160 30
5161 3
5162 0
5163 3
5164 23
5165 5
5166 1
5167 0
5168 2
5169 7
5170 6
5171 17
5172 22
5173 26
5174 6
5175 10
5176 2
5177 12
5178 31
5179 11
5180 0
5181 19
5182 34
5183 12
5184 18
5185 11
5186 7
5187 1
5188 2
5189 23
5190 32
5191 5
5192 17
5193 2
5194 11
5195 0
5196 3
5197 22
5198 25
5199 0
5200 0
5201 0
5202 5
5203 4
5204 22
5205 19
5206 14
5207 3
5208 9
5209 2
5210 33
5211 21
5212 7
5213 2
5214 1
5215 20
5216 29
5217 23
5218 6
5219 4
5220 1
5221 12
5222 0
5223 6
5224 3
5225 10
5226 7
5227 2
5228 4
5229 32
5230 34
5231 5
5232 2
5233 8
5234 20
5235 22
5236 0
5237 2
5238 3
5239 16
5240 4
5241 29
5242 12
5243 2
5244 11
5245 10
5246 0
5247 21
5248 2
5249 1
5250 0
5251 28
5252 2
5253 1
5254 16
5255 0
5256 1
5257 6
5258 33
5259 31
5260 4
5261 1
5262 1
5263 24
5264 12
5265 9
5266 1
5267 4
5268 11
5269 0
5270 4
5271 33
5272 8
5273 5
5274 5
5275 8
5276 1
5277 3
5278 6
5279 0
5280 18
5281 3
5282 29
5283 1
5284 4
5285 34
5286 21
5287 0
5288 6
5289 12
5290 3
5291 22
5292 14
5293 7
5294 14
5295 16
5296 0
5297 6
5298 7
5299 0
5300 33
5301 5
5302 15
5303 10
5304 2
5305 7
5306 3
5307 1
5308 6
5309 13
5310 5
5311 7
5312 2
5313 0
5314 12
5315 6
5316 2
5317 0
5318 2
5319 1
5320 7
5321 29
5322 10
5323 2
5324 0
5325 3
5326 4
5327 6
5328 2
5329 18
5330 5
5331 8
5332 5
5333 7
5334 5
5335 3
5336 3
5337 1
5338 22
5339 3
5340 2
5341 1
5342 6
5343 7
5344 10
5345 6
5346 29
5347 0
5348 7
5349 5
5350 10
5351 1
5352 2
5353 4
5354 6
5355 1
5356 1
5357 3
5358 4
5359 9
5360 13
5361 4
5362 19
5363 15
5364 18
5365 0
5366 2
5367 10
5368 33
5369 1
5370 12
5371 1
5372 29
5373 16
5374 4
5375 1
5376 2
5377 0
5378 9
5379 27
5380 1
5381 6
5382 7
5383 14
5384 1
5385 25
5386 0
5387 5
5388 1
5389 10
5390 0
5391 0
5392 0
5393 13
5394 6
5395 27
5396 14
5397 11
5398 24
5399 7
5400 0
5401 4
5402 6
5403 7
5404 16
5405 0
5406 5
5407 0
5408 0
5409 12
5410 14
5411 14
5412 5
5413 11
5414 0
5415 0
5416 15
5417 0
5418 6
5419 1
5420 23
5421 0
5422 7
5423 2
5424 7
5425 1
5426 26
5427 18
5428 0
5429 6
5430 0
5431 7
5432 1
5433 11
5434 20
5435 8
5436 0
5437 17
5438 11
5439 5
5440 6
5441 12
5442 1
5443 16
5444 0
5445 15
5446 6
5447 11
5448 28
5449 0
5450 11
5451 0
5452 6
5453 18
5454 2
5455 35
5456 1
5457 12
5458 0
5459 21
5460 6
5461 15
5462 14
5463 3
5464 7
5465 30
5466 1
5467 12
5468 7
5469 30
5470 10
5471 3
5472 0
5473 0
5474 2
5475 1
5476 4
5477 24
5478 4
5479 9
5480 23
5481 0
5482 2
5483 0
5484 2
5485 2
5486 12
5487 16
5488 6
5489 0
5490 1
5491 6
5492 26
5493 6
5494 7
5495 1
5496 1
5497 9
5498 2
5499 2
5500 13
5501 14
5502 0
5503 0
5504 3
5505 13
5506 1
5507 2
5508 0
5509 22
5510 10
5511 17
5512 1
5513 4
5514 0
5515 6
5516 9
5517 0
5518 1
5519 9
5520 31
5521 7
5522 12
5523 2
5524 13
5525 0
5526 4
5527 4
5528 6
5529 5
5530 2
5531 1
5532 0
5533 10
5534 1
5535 7
5536 5
5537 9
5538 3
5539 8
5540 4
5541 1
5542 13
5543 4
5544 18
5545 15
5546 4
5547 0
5548 1
5549 3
5550 14
5551 32
5552 0
5553 6
5554 1
5555 12
5556 33
5557 10
5558 3
5559 0
5560 3
5561 4
5562 1
5563 8
5564 8
5565 7
5566 7
5567 0
5568 5
5569 7
5570 4
5571 4
5572 17
5573 18
5574 8
5575 2
5576 23
5577 17
5578 28
5579 3
5580 6
5581 2
5582 31
5583 37
5584 20
5585 5
5586 3
5587 0
5588 1
5589 1
5590 6
5591 3
5592 1
5593 17
5594 9
5595 1
5596 7
5597 1
5598 10
5599 3
5600 3
5601 2
5602 7
5603 0
5604 2
5605 20
5606 18
5607 5
5608 1
5609 6
5610 1
5611 7
5612 1
5613 4
5614 18
5615 7
5616 6
5617 2
5618 4
5619 3
5620 8
5621 0
5622 13
5623 0
5624 3
5625 1
5626 4
5627 3
5628 0
5629 3
5630 4
5631 3
5632 38
5633 0
5634 3
5635 8
5636 1
5637 11
5638 2
5639 2
5640 22
5641 3
5642 2
5643 5
5644 8
5645 5
5646 1
5647 0
5648 8
5649 6
5650 7
5651 6
5652 2
5653 7
5654 3
5655 0
5656 1
5657 8
5658 0
5659 0
5660 26
5661 0
5662 2
5663 3
5664 27
5665 9
5666 3
5667 3
5668 5
5669 27
5670 6
5671 30
5672 1
5673 15
5674 13
5675 4
5676 3
5677 4
5678 0
5679 2
5680 9
5681 4
5682 0
5683 0
5684 0
5685 13
5686 1
5687 1
5688 4
5689 2
5690 8
5691 0
5692 16
5693 15
5694 6
5695 10
5696 0
5697 2
5698 9
5699 0
5700 4
5701 27
5702 7
5703 22
5704 32
5705 10
5706 1
5707 9
5708 24
5709 0
5710 0
5711 8
5712 13
5713 30
5714 21
5715 0
5716 30
5717 23
5718 1
5719 12
5720 13
5721 7
5722 31
5723 19
5724 25
5725 21
5726 7
5727 36
5728 0
5729 9
5730 5
5731 34
5732 5
5733 21
5734 33
5735 0
5736 0
5737 0
5738 17
5739 3
5740 0
5741 0
5742 3
5743 1
5744 12
5745 6
5746 7
5747 0
5748 5
5749 31
5750 2
5751 6
5752 1
5753 24
5754 8
5755 6
5756 3
5757 3
5758 19
5759 19
5760 13
5761 4
5762 1
5763 5
5764 18
5765 11
5766 11
5767 1
5768 2
5769 7
5770 1
5771 28
5772 18
5773 7
5774 17
5775 2
5776 6
5777 6
5778 5
5779 4
5780 4
5781 11
5782 0
5783 5
5784 1
5785 1
5786 6
5787 9
5788 21
5789 14
5790 15
5791 22
5792 29
5793 10
5794 6
5795 14
5796 0
5797 3
5798 30
5799 0
5800 5
5801 2
5802 2
5803 8
5804 6
5805 30
5806 9
5807 23
5808 5
5809 2
5810 6
5811 4
5812 0
5813 3
5814 5
5815 5
5816 12
5817 2
5818 7
5819 1
5820 2
5821 7
5822 25
5823 4
5824 21
5825 46
5826 3
5827 14
5828 3
5829 5
5830 4
5831 0
5832 4
5833 20
5834 3
5835 4
5836 6
5837 1
5838 0
5839 2
5840 26
5841 6
5842 3
5843 5
5844 10
5845 3
5846 24
5847 11
5848 7
5849 4
5850 0
5851 11
5852 5
5853 5
5854 0
5855 3
5856 0
5857 7
5858 6
5859 4
5860 3
5861 2
5862 15
5863 16
5864 5
5865 15
5866 7
5867 6
5868 5
5869 3
5870 1
5871 6
5872 14
5873 4
5874 6
5875 2
5876 2
5877 11
5878 3
5879 7
5880 5
5881 0
5882 0
5883 8
5884 1
5885 4
5886 0
5887 4
5888 4
5889 2
5890 30
5891 1
5892 13
5893 25
5894 1
5895 3
5896 4
5897 5
5898 1
5899 17
5900 1
5901 31
5902 10
5903 0
5904 1
5905 22
5906 12
5907 3
5908 2
5909 1
5910 3
5911 1
5912 3
5913 0
5914 10
5915 0
5916 0
5917 0
5918 0
5919 12
5920 3
5921 0
5922 1
5923 18
5924 31
5925 0
5926 19
5927 9
5928 33
5929 1
5930 12
5931 6
5932 12
5933 11
5934 0
5935 2
5936 22
5937 0
5938 3
5939 2
5940 1
5941 29
5942 2
5943 36
5944 4
5945 3
5946 3
5947 13
5948 5
5949 13
5950 30
5951 1
5952 12
5953 17
5954 5
5955 5
5956 12
5957 13
5958 16
5959 3
5960 28
5961 0
5962 16
5963 4
5964 1
5965 2
5966 13
5967 3
5968 11
5969 28
5970 17
5971 25
5972 25
5973 30
5974 11
5975 4
5976 27
5977 11
5978 4
5979 11
5980 2
5981 14
5982 2
5983 7
5984 9
5985 1
5986 0
5987 1
5988 1
5989 1
5990 1
5991 8
5992 12
5993 23
5994 4
5995 3
5996 3
5997 34
5998 4
5999 3
6000 5
6001 6
6002 35
6003 24
6004 3
6005 23
6006 7
6007 18
6008 2
6009 1
6010 4
6011 10
6012 5
6013 11
6014 37
6015 30
6016 0
6017 8
6018 19
6019 0
6020 17
6021 0
6022 5
6023 7
6024 7
6025 7
6026 5
6027 4
6028 3
6029 27
6030 10
6031 10
6032 2
6033 3
6034 5
6035 10
6036 2
6037 0
6038 3
6039 1
6040 0
6041 30
6042 23
6043 20
6044 14
6045 17
6046 21
6047 1
6048 0
6049 35
6050 0
6051 16
6052 3
6053 2
6054 3
6055 32
6056 5
6057 6
6058 7
6059 0
6060 1
6061 9
6062 2
6063 11
6064 14
6065 0
6066 20
6067 7
6068 30
6069 22
6070 6
6071 0
6072 3
6073 0
6074 9
6075 34
6076 11
6077 23
6078 0
6079 16
6080 13
6081 25
6082 36
6083 0
6084 25
6085 3
6086 0
6087 6
6088 0
6089 12
6090 0
6091 13
6092 22
6093 2
6094 0
6095 0
6096 2
6097 3
6098 20
6099 1
6100 31
6101 0
6102 22
6103 7
6104 27
6105 3
6106 26
6107 5
6108 4
6109 7
6110 1
6111 5
6112 3
6113 1
6114 0
6115 5
6116 5
6117 0
6118 2
6119 2
6120 4
6121 23
6122 2
6123 9
6124 0
6125 9
6126 10
6127 11
6128 4
6129 0
6130 6
6131 28
6132 14
6133 4
6134 23
6135 19
6136 3
6137 15
6138 15
6139 2
6140 11
6141 11
6142 3
6143 10
6144 15
6145 1
6146 5
6147 7
6148 38
6149 19
6150 0
6151 1
6152 2
6153 0
6154 4
6155 4
6156 24
6157 2
6158 0
6159 9
6160 5
6161 1
6162 0
6163 1
6164 14
6165 0
6166 2
6167 14
6168 1
6169 4
6170 0
6171 0
6172 0
6173 0
6174 28
6175 29
6176 0
6177 10
6178 13
6179 14
6180 14
6181 0
6182 3
6183 9
6184 3
6185 2
6186 15
6187 0
6188 31
6189 6
6190 1
6191 34
6192 1
6193 4
6194 2
6195 1
6196 1
6197 6
6198 15
6199 2
6200 2
6201 7
6202 3
6203 6
6204 12
6205 1
6206 1
6207 7
6208 3
6209 10
6210 13
6211 6
6212 7
6213 1
6214 20
6215 20
6216 6
6217 7
6218 1
6219 1
6220 9
6221 11
6222 15
6223 7
6224 1
6225 2
6226 1
6227 1
6228 9
6229 11
6230 26
6231 7
6232 29
6233 24
6234 4
6235 14
6236 31
6237 39
6238 0
6239 2
6240 7
6241 8
6242 17
6243 18
6244 0
6245 0
6246 15
6247 20
6248 14
6249 36
6250 8
6251 0
6252 7
6253 5
6254 28
6255 10
6256 9
6257 9
6258 1
6259 28
6260 12
6261 1
6262 18
6263 0
6264 1
6265 2
6266 7
6267 2
6268 1
6269 29
6270 0
6271 11
6272 13
6273 10
6274 3
6275 7
6276 6
6277 7
6278 2
6279 0
6280 3
6281 27
6282 16
6283 2
6284 3
6285 15
6286 3
6287 2
6288 3
6289 12
6290 3
6291 11
6292 2
6293 5
6294 12
6295 13
6296 25
6297 3
6298 12
6299 6
6300 5
6301 10
6302 0
6303 2
6304 13
6305 11
6306 5
6307 12
6308 2
6309 2
6310 13
6311 2
6312 13
6313 24
6314 2
6315 5
6316 4
6317 1
6318 6
6319 7
6320 8
6321 0
6322 10
6323 11
6324 2
6325 0
6326 0
6327 0
6328 31
6329 4
6330 6
6331 12
6332 7
6333 6
6334 8
6335 4
6336 17
6337 1
6338 12
6339 22
6340 4
6341 9
6342 1
6343 4
6344 9
6345 9
6346 22
6347 26
6348 0
6349 7
6350 13
6351 1
6352 15
6353 4
6354 24
6355 16
6356 0
6357 25
6358 0
6359 7
6360 0
6361 0
6362 9
6363 0
6364 0
6365 7
6366 0
6367 10
6368 8
6369 1
6370 6
6371 22
6372 9
6373 19
6374 8
6375 6
6376 1
6377 26
6378 31
6379 6
6380 0
6381 4
6382 8
6383 3
6384 1
6385 1
6386 1
6387 4
6388 10
6389 8
6390 1
6391 34
6392 0
6393 13
6394 2
6395 10
6396 4
6397 19
6398 2
6399 5
6400 10
6401 1
6402 19
6403 8
6404 3
6405 0
6406 1
6407 30
6408 29
6409 22
6410 14
6411 2
6412 8
6413 5
6414 6
6415 0
6416 23
6417 0
6418 0
6419 16
6420 1
6421 7
6422 12
6423 3
6424 18
6425 30
6426 1
6427 1
6428 12
6429 2
6430 1
6431 2
6432 20
6433 6
6434 0
6435 5
6436 8
6437 22
6438 19
6439 4
6440 22
6441 31
6442 10
6443 0
6444 9
6445 0
6446 0
6447 1
6448 12
6449 0
6450 13
6451 4
6452 0
6453 2
6454 7
6455 3
6456 12
6457 3
6458 24
6459 19
6460 0
6461 0
6462 4
6463 1
6464 3
6465 1
6466 1
6467 5
6468 7
6469 1
6470 21
6471 1
6472 27
6473 5
6474 31
6475 4
6476 29
6477 6
6478 3
6479 8
6480 4
6481 31
6482 4
6483 5
6484 22
6485 3
6486 6
6487 5
6488 2
6489 3
6490 0
6491 21
6492 9
6493 23
6494 10
6495 3
6496 18
6497 0
6498 3
6499 2
6500 1
6501 10
6502 2
6503 0
6504 1
6505 8
6506 5
6507 0
6508 1
6509 11
6510 4
6511 9
6512 1
6513 2
6514 7
6515 33
6516 17
6517 8
6518 2
6519 18
6520 2
6521 2
6522 20
6523 23
6524 22
6525 0
6526 5
6527 1
6528 4
6529 7
6530 2
6531 0
6532 6
6533 8
6534 7
6535 18
6536 34
6537 4
6538 4
6539 4
6540 7
6541 1
6542 24
6543 4
6544 6
6545 1
6546 0
6547 4
6548 6
6549 7
6550 0
6551 31
6552 5
6553 2
6554 31
6555 1
6556 6
6557 11
6558 15
6559 0
6560 19
6561 1
6562 0
6563 2
6564 1
6565 11
6566 12
6567 5
6568 4
6569 5
6570 6
6571 1
6572 18
6573 9
6574 4
6575 2
6576 3
6577 1
6578 4
6579 3
6580 6
6581 2
6582 13
6583 4
6584 15
6585 3
6586 18
6587 4
6588 2
6589 6
6590 0
6591 1
6592 10
6593 3
6594 31
6595 5
6596 0
6597 18
6598 10
6599 0
6600 8
6601 13
6602 2
6603 8
6604 0
6605 18
6606 30
6607 17
6608 7
6609 2
6610 0
6611 16
6612 17
6613 6
6614 11
6615 2
6616 5
6617 21
6618 18
6619 7
6620 1
6621 9
6622 1
6623 8
6624 2
6625 0
6626 0
6627 29
6628 1
6629 2
6630 17
6631 0
6632 19
6633 8
6634 29
6635 28
6636 35
6637 15
6638 15
6639 2
6640 0
6641 6
6642 0
6643 8
6644 4
6645 0
6646 2
6647 1
6648 4
6649 0
6650 24
6651 34
6652 13
6653 28
6654 7
6655 0
6656 29
6657 10
6658 6
6659 30
6660 0
6661 5
6662 31
6663 11
6664 21
6665 0
6666 1
6667 15
6668 0
6669 11
6670 17
6671 3
6672 32
6673 29
6674 0
6675 2
6676 13
6677 7
6678 1
6679 4
6680 1
6681 15
6682 1
6683 15
6684 19
6685 0
6686 0
6687 35
6688 0
6689 29
6690 10
6691 15
6692 8
6693 1
6694 1
6695 34
6696 0
6697 1
6698 16
6699 2
6700 23
6701 15
6702 17
6703 3
6704 36
6705 20
6706 11
6707 22
6708 2
6709 8
6710 18
6711 11
6712 0
6713 8
6714 15
6715 14
6716 6
6717 2
6718 13
6719 2
6720 3
6721 16
6722 0
6723 0
6724 2
6725 4
6726 8
6727 4
6728 16
6729 4
6730 6
6731 8
6732 1
6733 0
6734 3
6735 5
6736 2
6737 0
6738 13
6739 23
6740 23
6741 28
6742 2
6743 4
6744 21
6745 37
6746 1
6747 17
6748 5
6749 9
6750 8
6751 2
6752 7
6753 3
6754 4
6755 0
6756 6
6757 3
6758 3
6759 7
6760 8
6761 3
6762 0
6763 3
6764 0
6765 26
6766 12
6767 9
6768 2
6769 6
6770 8
6771 14
6772 4
6773 10
6774 9
6775 36
6776 26
6777 11
6778 14
6779 17
6780 9
6781 4
6782 31
6783 11
6784 1
6785 1
6786 3
6787 0
6788 0
6789 8
6790 1
6791 0
6792 11
6793 3
6794 13
6795 1
6796 1
6797 5
6798 8
6799 3
6800 10
6801 7
6802 3
6803 15
6804 5
6805 12
6806 7
6807 9
6808 0
6809 0
6810 29
6811 19
6812 6
6813 11
6814 0
6815 1
6816 14
6817 20
6818 5
6819 0
6820 6
6821 3
6822 25
6823 16
6824 7
6825 6
6826 4
6827 19
6828 12
6829 1
6830 4
6831 20
6832 16
6833 6
6834 5
6835 13
6836 8
6837 2
6838 0
6839 7
6840 9
6841 14
6842 7
6843 21
6844 4
6845 2
6846 11
6847 1
6848 1
6849 12
6850 4
6851 3
6852 10
6853 5
6854 2
6855 2
6856 11
6857 0
6858 2
6859 6
6860 3
6861 0
6862 9
6863 15
6864 7
6865 1
6866 9
6867 3
6868 4
6869 9
6870 8
6871 1
6872 21
6873 30
6874 22
6875 8
6876 1
6877 2
6878 4
6879 2
6880 2
6881 1
6882 0
6883 0
6884 11
6885 10
6886 5
6887 6
6888 10
6889 3
6890 1
6891 4
6892 5
6893 1
6894 8
6895 14
6896 1
6897 8
6898 5
6899 1
6900 25
6901 11
6902 33
6903 10
6904 0
6905 19
6906 15
6907 1
6908 2
6909 3
6910 5
6911 8
6912 0
6913 7
6914 1
6915 0
6916 33
6917 23
6918 0
6919 18
6920 12
6921 9
6922 20
6923 0
6924 0
6925 18
6926 3
6927 6
6928 0
6929 2
6930 1
6931 7
6932 15
6933 16
6934 11
6935 2
6936 0
6937 5
6938 9
6939 0
6940 6
6941 11
6942 31
6943 34
6944 13
6945 6
6946 18
6947 1
6948 3
6949 5
6950 34
6951 23
6952 3
6953 13
6954 0
6955 0
6956 0
6957 1
6958 19
6959 21
6960 33
6961 34
6962 11
6963 20
6964 27
6965 1
6966 3
6967 12
6968 2
6969 3
6970 10
6971 8
6972 3
6973 16
6974 14
6975 1
6976 1
6977 37
6978 8
6979 11
6980 8
6981 0
6982 5
6983 11
6984 31
6985 4
6986 11
6987 5
6988 24
6989 1
6990 1
6991 5
6992 4
6993 27
6994 1
6995 2
6996 11
6997 22
6998 20
6999 2
7000 4
7001 0
7002 4
7003 1
7004 19
7005 24
7006 23
7007 14
7008 0
7009 9
7010 5
7011 25
7012 0
7013 1
7014 25
7015 0
7016 7
7017 32
7018 4
7019 3
7020 3
7021 28
7022 9
7023 16
7024 3
7025 1
7026 9
7027 4
7028 0
7029 12
7030 2
7031 3
7032 1
7033 34
7034 17
7035 11
7036 15
7037 11
7038 11
7039 28
7040 3
7041 0
7042 2
7043 4
7044 2
7045 6
7046 18
7047 7
7048 4
7049 5
7050 14
7051 5
7052 6
7053 13
7054 4
7055 8
7056 0
7057 5
7058 4
7059 0
7060 0
7061 12
7062 19
7063 0
7064 0
7065 2
7066 2
7067 6
7068 6
7069 0
7070 24
7071 3
7072 13
7073 2
7074 23
7075 19
7076 24
7077 3
7078 2
7079 4
7080 6
7081 7
7082 36
7083 7
7084 2
7085 1
7086 1
7087 17
7088 23
7089 17
7090 0
7091 6
7092 61
7093 25
7094 6
7095 1
7096 6
7097 2
7098 28
7099 4
7100 2
7101 2
7102 2
7103 10
7104 14
7105 1
7106 8
7107 4
7108 0
7109 1
7110 8
7111 31
7112 2
7113 4
7114 5
7115 9
7116 0
7117 7
7118 9
7119 7
7120 1
7121 8
7122 2
7123 2
7124 1
7125 3
7126 4
7127 7
7128 2
7129 1
7130 5
7131 22
7132 4
7133 28
7134 1
7135 1
7136 13
7137 16
7138 1
7139 14
7140 18
7141 2
7142 3
7143 0
7144 6
7145 6
7146 16
7147 4
7148 20
7149 0
7150 5
7151 7
7152 12
7153 6
7154 5
7155 4
7156 14
7157 1
7158 15
7159 10
7160 30
7161 10
7162 13
7163 7
7164 23
7165 0
7166 0
7167 23
7168 15
7169 28
7170 10
7171 2
7172 10
7173 5
7174 14
7175 5
7176 1
7177 17
7178 9
7179 8
7180 26
7181 1
7182 0
7183 0
7184 5
7185 14
7186 3
7187 13
7188 8
7189 2
7190 24
7191 35
7192 25
7193 18
7194 6
7195 0
7196 0
7197 6
7198 1
7199 3
7200 14
7201 3
7202 5
7203 5
7204 0
7205 1
7206 9
7207 27
7208 22
7209 0
7210 0
7211 0
7212 5
7213 15
7214 0
7215 12
7216 7
7217 36
7218 0
7219 20
7220 1
7221 6
7222 0
7223 1
7224 1
7225 4
7226 4
7227 0
7228 5
7229 20
7230 2
7231 26
7232 0
7233 7
7234 2
7235 2
7236 1
7237 9
7238 1
7239 0
7240 2
7241 7
7242 7
7243 18
7244 1
7245 3
7246 27
7247 5
7248 4
7249 25
7250 0
7251 3
7252 0
7253 10
7254 0
7255 34
7256 2
7257 1
7258 3
7259 6
7260 10
7261 3
7262 25
7263 0
7264 0
7265 13
7266 4
7267 9
7268 0
7269 0
7270 13
7271 0
7272 2
7273 10
7274 12
7275 30
7276 2
7277 9
7278 3
7279 3
7280 0
7281 5
7282 1
7283 19
7284 4
7285 14
7286 3
7287 18
7288 13
7289 37
7290 0
7291 23
7292 6
7293 15
7294 16
7295 14
7296 17
7297 0
7298 13
