0 1067
1 1665
2 1431
3 74
4 153
5 288
6 1327
7 1263
8 150
9 544
10 1621
11 1503
12 496
13 1257
14 898
15 1345
16 1700
17 1613
18 888
19 795
20 1150
21 57
22 1747
23 573
24 614
25 500
26 1452
27 1688
28 1341
29 1030
30 458
31 333
32 657
33 605
34 715
35 741
36 353
37 35
38 548
39 883
40 1310
41 124
42 1024
43 1647
44 231
45 409
46 1266
47 561
48 1172
49 1184
50 434
51 1056
52 1177
53 569
54 471
55 654
56 1568
57 1671
58 746
59 316
60 1675
61 417
62 1062
63 1009
64 912
65 1157
66 1344
67 727
68 175
69 27
70 445
71 777
72 1556
73 692
74 1626
75 1146
76 261
77 757
78 190
79 928
80 262
81 971
82 6
83 960
84 995
85 1083
86 497
87 470
88 905
89 1316
90 676
91 1187
92 135
93 755
94 525
95 730
96 1533
97 1241
98 1609
99 1368
100 812
101 372
102 965
103 1650
104 1379
105 939
106 1641
107 312
108 279
109 508
110 1579
111 1745
112 179
113 397
114 1142
115 501
116 1375
117 97
118 1557
119 709
120 1566
121 59
122 594
123 435
124 998
125 536
126 1596
127 1356
128 584
129 236
130 295
131 510
132 95
133 858
134 370
135 138
136 1677
137 1003
138 354
139 712
140 990
141 492
142 2
143 562
144 1456
145 541
146 83
147 827
148 634
149 788
150 66
151 1643
152 838
153 556
154 733
155 488
156 700
157 520
158 237
159 1198
160 773
161 1715
162 1367
163 617
164 866
165 41
166 889
167 585
168 380
169 538
170 687
171 1214
172 1601
173 1421
174 1058
175 1763
176 1583
177 203
178 921
179 729
180 11
181 775
182 260
183 1132
184 1567
185 1517
186 1226
187 51
188 903
189 7
190 461
191 219
192 1357
193 483
194 925
195 1512
196 169
197 1652
198 257
199 487
200 553
201 453
202 1358
203 1239
204 1291
205 750
206 154
207 293
208 250
209 1751
210 1138
211 1726
212 1233
213 1737
214 441
215 422
216 927
217 1570
218 1553
219 216
220 1352
221 986
222 673
223 514
224 1300
225 1735
226 685
227 189
228 202
229 18
230 1448
231 1346
232 1563
233 429
234 1408
235 1076
236 512
237 1362
238 724
239 885
240 205
241 325
242 511
243 1709
244 1100
245 1299
246 19
247 1437
248 40
249 1476
250 1487
251 201
252 44
253 1729
254 1482
255 1607
256 1092
257 94
258 1035
259 603
260 373
261 1545
262 505
263 1236
264 653
265 103
266 652
267 359
268 1050
269 444
270 440
271 1552
272 168
273 111
274 1190
275 419
276 281
277 1497
278 93
279 133
280 1574
281 467
282 1499
283 1369
284 1477
285 1551
286 947
287 1318
288 923
289 278
290 563
291 1054
292 1349
293 1015
294 554
295 651
296 1606
297 1502
298 1117
299 948
300 1359
301 1129
302 1682
303 81
304 1222
305 1486
306 134
307 1065
308 116
309 822
310 1717
311 994
312 671
313 1329
314 313
315 436
316 494
317 1225
318 1655
319 322
320 515
321 1103
322 1475
323 1081
324 1555
325 913
326 1192
327 1242
328 908
329 907
330 423
331 311
332 1031
333 1753
334 1060
335 1025
336 753
337 1396
338 1663
339 1182
340 942
341 1398
342 1540
343 1766
344 214
345 22
346 517
347 215
348 1467
349 211
350 649
351 363
352 1196
353 132
354 821
355 1271
356 1353
357 804
358 343
359 677
360 30
361 600
362 756
363 476
364 521
365 291
366 1420
367 1639
368 736
369 1414
370 1598
371 1220
372 701
373 897
374 1280
375 276
376 665
377 661
378 341
379 621
380 906
381 143
382 1221
383 139
384 1165
385 980
386 52
387 1158
388 856
389 1742
390 1032
391 1154
392 25
393 183
394 1125
395 523
396 706
397 770
398 1080
399 1524
400 1174
401 813
402 660
403 464
404 173
405 1063
406 403
407 287
408 526
409 650
410 259
411 340
412 478
413 1559
414 78
415 438
416 547
417 807
418 157
419 442
420 988
421 1247
422 1202
423 324
424 766
425 164
426 1305
427 238
428 1708
429 859
430 962
431 1507
432 1630
433 113
434 503
435 1458
436 1670
437 1505
438 486
439 104
440 972
441 602
442 491
443 1519
444 1231
445 477
446 645
447 144
448 90
449 579
450 1473
451 1629
452 405
453 1732
454 828
455 1228
456 1561
457 1549
458 894
459 909
460 472
461 949
462 599
463 305
464 683
465 65
466 361
467 193
468 310
469 1394
470 1403
471 690
472 1738
473 1450
474 1206
475 1171
476 1454
477 114
478 1669
479 1016
480 1376
481 874
482 1298
483 1697
484 1501
485 58
486 61
487 321
488 531
489 934
490 1411
491 689
492 1445
493 290
494 879
495 1294
496 32
497 551
498 781
499 462
500 817
501 609
502 748
503 711
504 1325
505 232
506 984
507 818
508 803
509 1628
510 606
511 1407
512 1096
513 1111
514 999
515 336
516 623
517 246
518 945
519 1098
520 1274
521 147
522 130
523 87
524 1393
525 1051
526 1193
527 571
528 938
529 703
530 1328
531 1363
532 630
533 1744
534 1351
535 627
536 952
537 1710
538 112
539 72
540 1595
541 77
542 550
543 893
544 155
545 268
546 989
547 1623
548 1382
549 664
550 955
551 513
552 1272
553 1264
554 9
555 1019
556 46
557 1604
558 29
559 872
560 1153
561 1178
562 1045
563 855
564 254
565 1534
566 1494
567 466
568 871
569 641
570 1611
571 228
572 576
573 206
574 1577
575 663
576 1698
577 149
578 930
579 1204
580 1115
581 129
582 1160
583 882
584 1118
585 1449
586 217
587 1303
588 1144
589 744
590 1689
591 47
592 504
593 1130
594 392
595 708
596 1170
597 1037
598 1417
599 1048
600 1227
601 1678
602 1210
603 1569
604 123
605 1426
606 1392
607 1365
608 1731
609 598
610 1209
611 331
612 283
613 778
614 1087
615 1350
616 1069
617 1340
618 221
619 213
620 1390
621 1386
622 302
623 212
624 1530
625 966
626 326
627 831
628 265
629 1702
630 848
631 1703
632 86
633 182
634 1123
635 1167
636 105
637 1721
638 1021
639 716
640 224
641 1470
642 243
643 1113
644 574
645 1536
646 802
647 127
648 1276
649 1756
650 1163
651 1493
652 1112
653 1401
654 800
655 398
656 17
657 1027
658 723
659 747
660 904
661 329
662 543
663 198
664 1261
665 951
666 364
667 518
668 1443
669 1308
670 1269
671 632
672 1333
673 842
674 253
675 240
676 195
677 26
678 1370
679 940
680 810
681 1287
682 408
683 776
684 699
685 128
686 1535
687 455
688 50
689 177
690 527
691 625
692 1508
693 1010
694 567
695 1000
696 1743
697 993
698 985
699 1706
700 98
701 226
702 1586
703 1543
704 1180
705 732
706 371
707 1705
708 1442
709 1307
710 1188
711 171
712 1380
713 1575
714 468
715 973
716 1694
717 385
718 1428
719 1252
720 565
721 539
722 1765
723 1053
724 1707
725 707
726 3
727 926
728 1531
729 799
730 1447
731 1332
732 1366
733 1179
734 862
735 1071
736 1249
737 76
738 1297
739 448
740 186
741 1491
742 1339
743 1002
744 1748
745 1433
746 850
747 300
748 70
749 1101
750 439
751 639
752 1686
753 382
754 1667
755 85
756 362
757 1589
758 772
759 1136
760 1472
761 979
762 1135
763 1238
764 495
765 761
766 356
767 1073
768 12
769 615
770 1584
771 922
772 34
773 1240
774 1234
775 75
776 1237
777 4
778 1321
779 1654
780 1256
781 1436
782 69
783 636
784 975
785 1306
786 624
787 0
788 1618
789 299
790 1490
791 1612
792 347
793 204
794 1739
795 798
796 252
797 1387
798 1635
799 1730
800 1617
801 920
802 454
803 118
804 1211
805 1542
806 638
807 1590
808 1029
809 499
810 1292
811 782
812 696
813 740
814 1208
815 560
816 1360
817 42
818 1018
819 21
820 932
821 974
822 358
823 1666
824 1119
825 824
826 1547
827 1474
828 847
829 109
830 1620
831 185
832 1085
833 704
834 1724
835 1485
836 1277
837 99
838 1578
839 958
840 1754
841 1005
842 31
843 1078
844 263
845 530
846 1422
847 771
848 271
849 1140
850 1139
851 811
852 334
853 1162
854 607
855 844
856 1133
857 591
858 583
859 1191
860 1619
861 915
862 411
863 1137
864 1633
865 196
866 853
867 1106
868 387
869 878
870 852
871 1175
872 1279
873 876
874 1720
875 200
876 366
877 174
878 447
879 449
880 307
881 626
882 911
883 437
884 1293
885 863
886 248
887 176
888 197
889 92
890 1658
891 352
892 815
893 1097
894 63
895 992
896 686
897 146
898 1055
899 1385
900 1173
901 1152
902 721
903 360
904 102
905 1259
906 394
907 351
908 1759
909 1223
910 714
911 1588
912 1127
913 431
914 210
915 1741
916 933
917 101
918 184
919 1432
920 861
921 1479
922 792
923 631
924 1740
925 1109
926 597
927 529
928 1033
929 1593
930 829
931 96
932 1750
933 1481
934 1104
935 953
936 1642
937 1246
938 841
939 474
940 1397
941 637
942 1581
943 1571
944 1537
945 954
946 695
947 389
948 1355
949 121
950 1034
951 258
952 900
953 1760
954 1082
955 393
956 1389
957 1400
958 475
959 593
960 255
961 899
962 1197
963 826
964 1311
965 117
966 1495
967 914
968 1510
969 1409
970 1149
971 1683
972 115
973 884
974 426
975 996
976 1207
977 542
978 402
979 616
980 1660
981 1518
982 315
983 1128
984 395
985 349
986 1039
987 589
988 507
989 187
990 779
991 1644
992 1334
993 1200
994 1022
995 1608
996 344
997 1008
998 274
999 28
1000 890
1001 1183
1002 1548
1003 84
1004 1108
1005 592
1006 784
1007 1602
1008 381
1009 516
1010 728
1011 1105
1012 1347
1013 108
1014 1532
1015 1701
1016 785
1017 666
1018 849
1019 944
1020 284
1021 1143
1022 1614
1023 1145
1024 1189
1025 1415
1026 613
1027 1460
1028 1714
1029 1254
1030 473
1031 1514
1032 1427
1033 1733
1034 1529
1035 1001
1036 1011
1037 919
1038 1746
1039 633
1040 691
1041 1624
1042 1469
1043 230
1044 1649
1045 48
1046 399
1047 1302
1048 794
1049 924
1050 698
1051 400
1052 620
1053 622
1054 1478
1055 1304
1056 1381
1057 1430
1058 418
1059 1640
1060 1539
1061 570
1062 1418
1063 45
1064 1413
1065 1313
1066 902
1067 759
1068 658
1069 345
1070 1391
1071 1523
1072 1057
1073 1250
1074 870
1075 1616
1076 839
1077 1399
1078 194
1079 1268
1080 1107
1081 1406
1082 396
1083 490
1084 446
1085 970
1086 1657
1087 1088
1088 1468
1089 1114
1090 342
1091 414
1092 1090
1093 53
1094 1646
1095 1451
1096 1049
1097 1168
1098 1354
1099 233
1100 555
1101 752
1102 1199
1103 309
1104 629
1105 1438
1106 10
1107 1423
1108 868
1109 681
1110 608
1111 754
1112 1395
1113 43
1114 266
1115 1446
1116 1141
1117 1330
1118 1591
1119 546
1120 797
1121 705
1122 877
1123 1061
1124 158
1125 1685
1126 586
1127 1186
1128 1260
1129 23
1130 1634
1131 1258
1132 577
1133 1526
1134 1255
1135 524
1136 1500
1137 481
1138 519
1139 1336
1140 234
1141 1728
1142 1727
1143 1372
1144 1627
1145 420
1146 786
1147 587
1148 1230
1149 780
1150 801
1151 285
1152 668
1153 895
1154 961
1155 825
1156 789
1157 667
1158 1026
1159 304
1160 80
1161 1248
1162 1121
1163 8
1164 1636
1165 769
1166 1704
1167 181
1168 1713
1169 581
1170 935
1171 1597
1172 1761
1173 1625
1174 910
1175 1638
1176 936
1177 368
1178 415
1179 367
1180 931
1181 1416
1182 1312
1183 1695
1184 768
1185 37
1186 1185
1187 1453
1188 717
1189 880
1190 557
1191 166
1192 390
1193 1757
1194 916
1195 1124
1196 1093
1197 275
1198 142
1199 1040
1200 783
1201 463
1202 722
1203 208
1204 1564
1205 643
1206 648
1207 301
1208 1201
1209 1288
1210 1013
1211 131
1212 1337
1213 1089
1214 450
1215 388
1216 642
1217 151
1218 125
1219 1155
1220 1410
1221 1429
1222 1464
1223 682
1224 601
1225 192
1226 64
1227 1691
1228 982
1229 588
1230 365
1231 1262
1232 235
1233 277
1234 1439
1235 245
1236 1028
1237 222
1238 89
1239 522
1240 857
1241 282
1242 383
1243 1007
1244 1610
1245 1378
1246 1102
1247 1723
1248 1699
1249 1068
1250 1251
1251 1648
1252 1224
1253 1281
1254 1323
1255 456
1256 886
1257 1156
1258 207
1259 1653
1260 5
1261 840
1262 170
1263 1546
1264 1673
1265 506
1266 1091
1267 647
1268 535
1269 443
1270 1320
1271 1326
1272 1466
1273 375
1274 1290
1275 1164
1276 225
1277 1455
1278 137
1279 745
1280 981
1281 1484
1282 1036
1283 286
1284 272
1285 816
1286 270
1287 758
1288 161
1289 1550
1290 220
1291 1066
1292 1322
1293 1587
1294 743
1295 1594
1296 1402
1297 763
1298 482
1299 122
1300 1309
1301 1462
1302 318
1303 1371
1304 787
1305 1014
1306 106
1307 1752
1308 1565
1309 1315
1310 710
1311 459
1312 1131
1313 88
1314 229
1315 684
1316 251
1317 369
1318 1195
1319 1521
1320 675
1321 339
1322 595
1323 191
1324 1377
1325 742
1326 338
1327 1615
1328 1289
1329 846
1330 1457
1331 1734
1332 762
1333 956
1334 1483
1335 540
1336 346
1337 735
1338 670
1339 734
1340 1099
1341 796
1342 1217
1343 702
1344 892
1345 379
1346 1716
1347 1755
1348 1662
1349 946
1350 1319
1351 1712
1352 1684
1353 71
1354 484
1355 14
1356 1384
1357 1244
1358 432
1359 791
1360 640
1361 1122
1362 1722
1363 1317
1364 836
1365 1079
1366 480
1367 528
1368 1270
1369 854
1370 713
1371 1498
1372 1151
1373 1335
1374 188
1375 16
1376 452
1377 247
1378 1489
1379 1679
1380 180
1381 241
1382 1020
1383 790
1384 1084
1385 1690
1386 819
1387 416
1388 977
1389 1465
1390 1736
1391 1554
1392 751
1393 323
1394 1176
1395 1496
1396 697
1397 1245
1398 391
1399 1762
1400 869
1401 1017
1402 433
1403 269
1404 1343
1405 749
1406 256
1407 610
1408 1632
1409 1044
1410 1374
1411 1645
1412 983
1413 1012
1414 1461
1415 969
1416 1558
1417 489
1418 726
1419 1043
1420 760
1421 731
1422 575
1423 384
1424 1253
1425 1687
1426 1718
1427 976
1428 875
1429 209
1430 1046
1431 582
1432 1282
1433 1676
1434 1267
1435 967
1436 1600
1437 604
1438 451
1439 49
1440 39
1441 1181
1442 694
1443 401
1444 1042
1445 159
1446 737
1447 20
1448 1668
1449 148
1450 896
1451 244
1452 67
1453 163
1454 837
1455 678
1456 1692
1457 1516
1458 1522
1459 765
1460 662
1461 987
1462 834
1463 767
1464 1582
1465 669
1466 319
1467 864
1468 1424
1469 160
1470 937
1471 957
1472 280
1473 156
1474 1342
1475 1599
1476 421
1477 172
1478 1471
1479 929
1480 1504
1481 430
1482 1077
1483 327
1484 865
1485 1405
1486 997
1487 881
1488 545
1489 564
1490 1147
1491 672
1492 1711
1493 1364
1494 578
1495 407
1496 1637
1497 498
1498 152
1499 1052
1500 646
1501 1216
1502 1232
1503 720
1504 1764
1505 655
1506 1562
1507 1205
1508 337
1509 833
1510 1488
1511 1459
1512 805
1513 289
1514 1651
1515 1243
1516 1286
1517 1006
1518 991
1519 320
1520 808
1521 1696
1522 1511
1523 533
1524 1592
1525 1218
1526 1116
1527 1285
1528 36
1529 688
1530 308
1531 823
1532 739
1533 1538
1534 1506
1535 873
1536 465
1537 635
1538 1348
1539 1212
1540 82
1541 674
1542 1095
1543 978
1544 120
1545 376
1546 328
1547 1094
1548 141
1549 835
1550 460
1551 1528
1552 845
1553 79
1554 1435
1555 1664
1556 718
1557 1425
1558 1544
1559 1229
1560 126
1561 1672
1562 1513
1563 1373
1564 1004
1565 273
1566 378
1567 1265
1568 1603
1569 119
1570 851
1571 223
1572 227
1573 15
1574 1560
1575 941
1576 1509
1577 1440
1578 1134
1579 832
1580 1622
1581 628
1582 294
1583 1041
1584 1
1585 1419
1586 611
1587 552
1588 1235
1589 264
1590 167
1591 306
1592 1661
1593 537
1594 1086
1595 298
1596 374
1597 249
1598 242
1599 1444
1600 963
1601 317
1602 178
1603 679
1604 1525
1605 267
1606 406
1607 24
1608 1023
1609 1284
1610 136
1611 332
1612 618
1613 764
1614 1296
1615 1361
1616 1166
1617 469
1618 1492
1619 1681
1620 1576
1621 425
1622 350
1623 964
1624 1412
1625 60
1626 1659
1627 719
1628 656
1629 1075
1630 1480
1631 493
1632 532
1633 33
1634 1213
1635 968
1636 1331
1637 314
1638 357
1639 502
1640 549
1641 1169
1642 162
1643 62
1644 1631
1645 413
1646 1404
1647 1194
1648 297
1649 386
1650 580
1651 1388
1652 1463
1653 355
1654 377
1655 917
1656 619
1657 1070
1658 806
1659 296
1660 738
1661 107
1662 860
1663 1383
1664 590
1665 348
1666 680
1667 1656
1668 509
1669 100
1670 335
1671 38
1672 73
1673 412
1674 54
1675 1273
1676 13
1677 644
1678 820
1679 1580
1680 559
1681 572
1682 830
1683 1441
1684 1219
1685 568
1686 809
1687 1758
1688 1120
1689 56
1690 596
1691 918
1692 1159
1693 1605
1694 239
1695 1126
1696 901
1697 410
1698 91
1699 1719
1700 1283
1701 68
1702 1515
1703 1693
1704 950
1705 199
1706 566
1707 424
1708 1585
1709 1072
1710 1541
1711 303
1712 843
1713 1161
1714 891
1715 1520
1716 612
1717 1338
1718 814
1719 457
1720 959
1721 534
1722 1749
1723 428
1724 1047
1725 1680
1726 485
1727 1324
1728 1275
1729 218
1730 558
1731 1573
1732 725
1733 140
1734 867
1735 1038
1736 1434
1737 479
1738 1674
1739 1059
1740 659
1741 1148
1742 330
1743 165
1744 1278
1745 943
1746 1203
1747 1295
1748 1314
1749 693
1750 1725
1751 55
1752 1527
1753 1572
1754 774
1755 427
1756 1110
1757 1215
1758 145
1759 887
1760 1074
1761 1064
1762 404
1763 110
1764 1301
1765 292
1766 793
