0 331
1 1342
2 125
3 1162
4 539
5 1476
6 1025
7 71
8 754
9 618
10 1362
11 594
12 1733
13 1160
14 356
15 1152
16 1013
17 657
18 917
19 352
20 1619
21 1108
22 1324
23 1425
24 575
25 685
26 1650
27 1218
28 170
29 866
30 417
31 66
32 1313
33 1580
34 469
35 701
36 726
37 1551
38 162
39 668
40 313
41 1115
42 10
43 1314
44 194
45 1399
46 1170
47 1140
48 702
49 1742
50 1622
51 95
52 1240
53 1703
54 982
55 1029
56 1210
57 226
58 645
59 589
60 1328
61 1243
62 229
63 841
64 1747
65 1391
66 1103
67 20
68 380
69 1002
70 152
71 1759
72 1322
73 1506
74 1422
75 968
76 1648
77 143
78 144
79 89
80 1714
81 1584
82 1520
83 1177
84 891
85 354
86 1195
87 1709
88 1749
89 577
90 223
91 1568
92 893
93 35
94 512
95 568
96 973
97 1669
98 1155
99 1378
100 1014
101 1508
102 1691
103 669
104 395
105 1552
106 1652
107 1383
108 817
109 1062
110 1185
111 85
112 635
113 1088
114 799
115 392
116 105
117 412
118 1693
119 1532
120 316
121 1385
122 735
123 1156
124 722
125 729
126 1505
127 1635
128 970
129 597
130 1406
131 381
132 350
133 149
134 1653
135 834
136 704
137 1560
138 643
139 1728
140 1592
141 151
142 126
143 1077
144 963
145 542
146 902
147 1109
148 749
149 1586
150 456
151 1386
152 1629
153 874
154 513
155 13
156 1124
157 819
158 1554
159 370
160 1694
161 967
162 1371
163 465
164 67
165 1408
166 732
167 710
168 717
169 1684
170 1442
171 930
172 1489
173 1098
174 1329
175 1633
176 110
177 1417
178 697
179 1249
180 813
181 1085
182 1080
183 190
184 530
185 1575
186 740
187 679
188 991
189 507
190 1472
191 1173
192 1529
193 312
194 810
195 772
196 760
197 1201
198 244
199 1513
200 1303
201 1657
202 700
203 1084
204 633
205 1545
206 1547
207 435
208 57
209 111
210 1290
211 709
212 283
213 714
214 488
215 1477
216 534
217 617
218 1285
219 225
220 1008
221 1380
222 275
223 25
224 972
225 782
226 1446
227 546
228 1021
229 1281
230 745
231 842
232 1613
233 1015
234 139
235 562
236 929
237 123
238 1517
239 463
240 1494
241 304
242 1519
243 1060
244 1206
245 608
246 1095
247 1645
248 954
249 1026
250 960
251 1368
252 705
253 1123
254 1531
255 1356
256 1300
257 508
258 306
259 88
260 247
261 789
262 1236
263 45
264 496
265 1007
266 167
267 30
268 1638
269 581
270 1205
271 54
272 396
273 1719
274 778
275 537
276 1366
277 155
278 1418
279 51
280 884
281 1119
282 489
283 1678
284 359
285 1134
286 1101
287 1132
288 1340
289 1051
290 274
291 249
292 43
293 1692
294 1704
295 1583
296 632
297 1350
298 1326
299 491
300 889
301 642
302 580
303 55
304 291
305 1745
306 366
307 1289
308 279
309 681
310 752
311 1
312 1671
313 984
314 256
315 867
316 1741
317 415
318 1466
319 228
320 1421
321 1764
322 1577
323 1661
324 1395
325 1597
326 1654
327 1573
328 886
329 358
330 324
331 1097
332 230
333 1202
334 1445
335 189
336 1540
337 988
338 454
339 971
340 520
341 1082
342 1701
343 1344
344 428
345 748
346 1487
347 1726
348 552
349 1049
350 1325
351 528
352 1389
353 1564
354 303
355 716
356 345
357 1398
358 848
359 227
360 326
361 262
362 348
363 15
364 97
365 1338
366 843
367 1035
368 129
369 1509
370 1748
371 921
372 1662
373 724
374 154
375 1183
376 156
377 1436
378 557
379 898
380 419
381 1542
382 224
383 1721
384 1157
385 833
386 445
387 565
388 1646
389 924
390 1537
391 1525
392 211
393 1100
394 918
395 1599
396 1409
397 378
398 1752
399 365
400 477
401 1196
402 541
403 688
404 140
405 871
406 851
407 1390
408 985
409 332
410 252
411 1411
412 1538
413 1335
414 1216
415 258
416 1556
417 895
418 31
419 964
420 1111
421 1402
422 1336
423 426
424 856
425 393
426 650
427 1018
428 187
429 670
430 583
431 881
432 1625
433 1588
434 453
435 637
436 1291
437 58
438 1092
439 476
440 1176
441 621
442 1220
443 132
444 1044
445 887
446 1304
447 1276
448 42
449 451
450 118
451 506
452 160
453 1376
454 516
455 293
456 1203
457 1665
458 1312
459 233
460 1460
461 1094
462 1180
463 468
464 939
465 199
466 339
467 947
468 962
469 571
470 204
471 21
472 1381
473 747
474 177
475 1207
476 1585
477 1181
478 529
479 264
480 694
481 384
482 305
483 1190
484 849
485 1591
486 340
487 94
488 82
489 1434
490 1125
491 186
492 1346
493 269
494 1499
495 212
496 1311
497 318
498 308
499 606
500 290
501 8
502 1083
503 321
504 347
505 351
506 1136
507 1387
508 467
509 933
510 1272
511 1602
512 76
513 853
514 1397
515 1565
516 61
517 1333
518 1559
519 624
520 253
521 500
522 172
523 407
524 1056
525 1660
526 1112
527 90
528 1352
529 614
530 773
531 797
532 1069
533 531
534 677
535 1050
536 725
537 409
538 665
539 850
540 845
541 949
542 386
543 1603
544 913
545 47
546 1608
547 9
548 1222
549 934
550 567
551 869
552 551
553 1279
554 784
555 1126
556 1605
557 1093
558 1286
559 1492
560 935
561 777
562 414
563 739
564 406
565 1479
566 438
567 1194
568 1316
569 771
570 221
571 1400
572 1116
573 664
574 1357
575 466
576 1264
577 1663
578 1751
579 661
580 1666
581 989
582 300
583 1332
584 686
585 1706
586 1268
587 1107
588 1697
589 1327
590 770
591 250
592 808
593 1071
594 433
595 857
596 416
597 1297
598 1581
599 595
600 885
601 1006
602 1234
603 812
604 362
605 641
606 259
607 208
608 196
609 472
610 202
611 1011
612 690
613 993
614 920
615 780
616 1614
617 1199
618 560
619 145
620 1566
621 892
622 119
623 719
624 50
625 584
626 1469
627 1396
628 1698
629 1543
630 1364
631 83
632 1601
633 74
634 497
635 1012
636 533
637 1122
638 503
639 659
640 1437
641 405
642 1528
643 1293
644 210
645 420
646 707
647 333
648 860
649 1582
650 217
651 1172
652 390
653 1548
654 368
655 1188
656 1038
657 695
658 328
659 916
660 1593
661 990
662 1261
663 548
664 484
665 1679
666 1235
667 40
668 182
669 1504
670 1149
671 663
672 1419
673 398
674 1754
675 640
676 297
677 440
678 1757
679 767
680 721
681 263
682 986
683 1431
684 243
685 946
686 1377
687 894
688 1664
689 475
690 720
691 1066
692 1569
693 800
694 425
695 1074
696 1175
697 965
698 1699
699 1462
700 174
701 1133
702 1523
703 1478
704 87
705 926
706 673
707 334
708 1549
709 756
710 481
711 1000
712 361
713 1670
714 823
715 404
716 346
717 49
718 5
719 983
720 1204
721 1139
722 588
723 1339
724 104
725 436
726 945
727 255
728 70
729 718
730 992
731 137
732 952
733 147
734 1689
735 1570
736 1571
737 245
738 1280
739 653
740 1247
741 216
742 413
743 73
744 937
745 712
746 1252
747 1154
748 603
749 876
750 1308
751 1743
752 1485
753 1254
754 526
755 1215
756 804
757 101
758 1231
759 427
760 1143
761 1265
762 755
763 944
764 975
765 431
766 52
767 1244
768 576
769 1600
770 1363
771 1572
772 192
773 556
774 0
775 486
776 544
777 439
778 788
779 410
780 840
781 1700
782 281
783 272
784 671
785 980
786 63
787 1036
788 1221
789 27
790 1620
791 271
792 987
793 727
794 490
795 1740
796 899
797 69
798 1358
799 382
800 1059
801 1705
802 765
803 1511
804 240
805 376
806 173
807 907
808 882
809 555
810 1019
811 1438
812 1444
813 1468
814 753
815 1224
816 459
817 1676
818 1343
819 769
820 928
821 927
822 1627
823 538
824 449
825 288
826 180
827 91
828 1047
829 1412
830 1512
831 1708
832 1113
833 1163
834 213
835 1404
836 342
837 1640
838 188
839 1370
840 397
841 570
842 566
843 1488
844 601
845 1732
846 1615
847 1617
848 219
849 582
850 1401
851 68
852 498
853 267
854 1256
855 179
856 302
857 18
858 1022
859 667
860 977
861 1040
862 505
863 1514
864 687
865 1278
866 1674
867 922
868 880
869 1631
870 1461
871 644
872 1061
873 1458
874 1536
875 434
876 787
877 1717
878 1057
879 1351
880 1455
881 703
882 1382
883 441
884 1634
885 811
886 1453
887 1099
888 638
889 905
890 1319
891 522
892 1465
893 501
894 943
895 214
896 981
897 609
898 699
899 1043
900 793
901 165
902 1186
903 1127
904 64
905 523
906 421
907 586
908 1237
909 825
910 903
911 238
912 890
913 855
914 1612
915 835
916 1672
917 195
918 447
919 130
920 1441
921 951
922 915
923 1045
924 711
925 613
926 33
927 1524
928 1423
929 900
930 1656
931 995
932 723
933 1682
934 423
935 1567
936 1192
937 1191
938 1427
939 1651
940 693
941 1762
942 672
943 974
944 837
945 185
946 631
947 1715
948 573
949 1587
950 1486
951 487
952 1510
953 329
954 141
955 1516
956 1734
957 838
958 1555
959 3
960 655
961 237
962 1031
963 127
964 923
965 1736
966 680
967 287
968 786
969 1527
970 820
971 138
972 295
973 1169
974 1063
975 276
976 1414
977 997
978 322
979 1208
980 733
981 683
982 1090
983 639
984 1241
985 1558
986 277
987 1690
988 206
989 1024
990 81
991 1636
992 1023
993 207
994 1317
995 483
996 360
997 896
998 169
999 232
1000 1081
1001 349
1002 1756
1003 805
1004 492
1005 1755
1006 715
1007 117
1008 658
1009 364
1010 1209
1011 1041
1012 713
1013 1500
1014 854
1015 86
1016 1574
1017 521
1018 698
1019 652
1020 1004
1021 1301
1022 1033
1023 1443
1024 1117
1025 494
1026 1372
1027 108
1028 1217
1029 814
1030 868
1031 485
1032 1251
1033 236
1034 794
1035 166
1036 1292
1037 1302
1038 493
1039 1470
1040 1151
1041 1729
1042 762
1043 779
1044 499
1045 131
1046 619
1047 1096
1048 389
1049 1720
1050 1763
1051 807
1052 461
1053 1110
1054 1393
1055 444
1056 956
1057 1643
1058 1707
1059 357
1060 311
1061 901
1062 1457
1063 607
1064 1226
1065 1502
1066 875
1067 1493
1068 791
1069 953
1070 1503
1071 1052
1072 1724
1073 1228
1074 44
1075 1288
1076 1214
1077 184
1078 1227
1079 150
1080 330
1081 1187
1082 1533
1083 969
1084 828
1085 22
1086 600
1087 514
1088 1003
1089 646
1090 1337
1091 728
1092 1310
1093 1539
1094 205
1095 1306
1096 605
1097 1658
1098 1145
1099 1723
1100 1746
1101 1616
1102 846
1103 198
1104 448
1105 1407
1106 1394
1107 235
1108 403
1109 579
1110 121
1111 1260
1112 1439
1113 23
1114 1563
1115 1064
1116 218
1117 1484
1118 261
1119 1541
1120 1673
1121 1737
1122 1079
1123 11
1124 1480
1125 524
1126 344
1127 912
1128 1416
1129 1091
1130 1120
1131 1348
1132 1277
1133 593
1134 48
1135 1245
1136 1731
1137 1753
1138 4
1139 1590
1140 569
1141 931
1142 682
1143 285
1144 648
1145 858
1146 1413
1147 622
1148 367
1149 59
1150 1129
1151 809
1152 572
1153 906
1154 460
1155 798
1156 525
1157 1073
1158 1553
1159 231
1160 730
1161 1198
1162 375
1163 1481
1164 994
1165 932
1166 1429
1167 1159
1168 385
1169 616
1170 455
1171 1166
1172 738
1173 839
1174 1229
1175 163
1176 1534
1177 102
1178 251
1179 1259
1180 818
1181 1141
1182 371
1183 1750
1184 774
1185 1450
1186 153
1187 387
1188 785
1189 1471
1190 128
1191 1131
1192 919
1193 107
1194 1637
1195 1017
1196 1242
1197 942
1198 1561
1199 626
1200 806
1201 1710
1202 446
1203 1624
1204 775
1205 1482
1206 1424
1207 317
1208 1491
1209 120
1210 62
1211 401
1212 852
1213 1497
1214 158
1215 1367
1216 549
1217 430
1218 1680
1219 100
1220 1179
1221 1685
1222 623
1223 1298
1224 325
1225 299
1226 1105
1227 678
1228 296
1229 684
1230 1713
1231 41
1232 474
1233 93
1234 1189
1235 1626
1236 532
1237 98
1238 515
1239 1667
1240 731
1241 1744
1242 171
1243 1606
1244 1266
1245 1238
1246 1211
1247 873
1248 1182
1249 1347
1250 625
1251 343
1252 146
1253 596
1254 1557
1255 1318
1256 1197
1257 1639
1258 796
1259 1507
1260 696
1261 1618
1262 936
1263 559
1264 862
1265 1076
1266 620
1267 1449
1268 826
1269 1467
1270 79
1271 402
1272 355
1273 1331
1274 1730
1275 257
1276 1282
1277 183
1278 239
1279 338
1280 1246
1281 553
1282 29
1283 1070
1284 1405
1285 1075
1286 675
1287 864
1288 471
1289 1451
1290 1628
1291 246
1292 1384
1293 1138
1294 408
1295 1456
1296 383
1297 1349
1298 203
1299 803
1300 654
1301 1165
1302 1294
1303 628
1304 1621
1305 495
1306 1167
1307 1299
1308 1239
1309 1702
1310 37
1311 558
1312 1515
1313 743
1314 222
1315 611
1316 761
1317 1028
1318 535
1319 34
1320 458
1321 1046
1322 106
1323 1410
1324 1144
1325 1379
1326 1253
1327 662
1328 298
1329 1257
1330 1153
1331 462
1332 399
1333 561
1334 373
1335 1761
1336 1068
1337 112
1338 1518
1339 734
1340 377
1341 540
1342 1463
1343 746
1344 12
1345 689
1346 53
1347 1374
1348 744
1349 1174
1350 201
1351 294
1352 1271
1353 309
1354 1687
1355 1200
1356 1042
1357 519
1358 1668
1359 1353
1360 792
1361 1454
1362 286
1363 479
1364 1647
1365 1495
1366 193
1367 7
1368 757
1369 832
1370 1578
1371 301
1372 1016
1373 543
1374 1576
1375 1135
1376 432
1377 1596
1378 861
1379 191
1380 1102
1381 1420
1382 1121
1383 181
1384 610
1385 92
1386 1722
1387 161
1388 908
1389 1641
1390 859
1391 978
1392 374
1393 1695
1394 1526
1395 1054
1396 1309
1397 1065
1398 1459
1399 1535
1400 1483
1401 19
1402 234
1403 1307
1404 1150
1405 159
1406 736
1407 602
1408 1230
1409 323
1410 369
1411 599
1412 289
1413 758
1414 1270
1415 741
1416 1623
1417 16
1418 957
1419 649
1420 1146
1421 634
1422 1034
1423 109
1424 1683
1425 1273
1426 1058
1427 1323
1428 60
1429 783
1430 2
1431 197
1432 1137
1433 647
1434 742
1435 1430
1436 1213
1437 941
1438 452
1439 511
1440 578
1441 1361
1442 273
1443 1677
1444 1369
1445 1223
1446 254
1447 39
1448 627
1449 266
1450 1287
1451 590
1452 904
1453 1114
1454 1053
1455 1001
1456 278
1457 319
1458 598
1459 1373
1460 1498
1461 1030
1462 504
1463 1171
1464 175
1465 802
1466 113
1467 966
1468 1005
1469 1078
1470 1168
1471 1696
1472 527
1473 1546
1474 897
1475 1594
1476 1464
1477 337
1478 1118
1479 148
1480 676
1481 830
1482 473
1483 827
1484 248
1485 604
1486 1604
1487 955
1488 801
1489 307
1490 133
1491 1428
1492 482
1493 314
1494 242
1495 863
1496 1128
1497 176
1498 1659
1499 1403
1500 1345
1501 585
1502 280
1503 1426
1504 379
1505 925
1506 470
1507 400
1508 1632
1509 1295
1510 1284
1511 629
1512 134
1513 870
1514 708
1515 46
1516 959
1517 1738
1518 78
1519 1649
1520 178
1521 545
1522 1711
1523 910
1524 480
1525 948
1526 651
1527 517
1528 1055
1529 1305
1530 1433
1531 996
1532 1522
1533 418
1534 220
1535 437
1536 411
1537 510
1538 1562
1539 96
1540 674
1541 554
1542 630
1543 883
1544 1263
1545 200
1546 1452
1547 1106
1548 327
1549 1475
1550 656
1551 836
1552 1435
1553 518
1554 1255
1555 391
1556 1630
1557 1415
1558 660
1559 1544
1560 122
1561 615
1562 1232
1563 36
1564 909
1565 6
1566 979
1567 1473
1568 914
1569 124
1570 1598
1571 1233
1572 1086
1573 341
1574 1010
1575 1490
1576 17
1577 1735
1578 1104
1579 142
1580 976
1581 872
1582 424
1583 1611
1584 1184
1585 1727
1586 1474
1587 737
1588 1550
1589 763
1590 336
1591 478
1592 877
1593 591
1594 1642
1595 56
1596 1360
1597 1032
1598 114
1599 270
1600 1579
1601 612
1602 77
1603 1274
1604 1039
1605 1521
1606 636
1607 821
1608 958
1609 587
1610 241
1611 1448
1612 1320
1613 1225
1614 691
1615 1283
1616 1089
1617 878
1618 209
1619 536
1620 815
1621 1334
1622 1365
1623 879
1624 38
1625 1212
1626 1359
1627 1072
1628 1688
1629 824
1630 1178
1631 550
1632 1681
1633 164
1634 1130
1635 829
1636 961
1637 1589
1638 998
1639 260
1640 1739
1641 394
1642 1607
1643 1219
1644 950
1645 564
1646 1765
1647 135
1648 1147
1649 751
1650 1275
1651 26
1652 168
1653 1296
1654 1267
1655 1609
1656 999
1657 72
1658 816
1659 666
1660 80
1661 116
1662 282
1663 1686
1664 1655
1665 1530
1666 795
1667 1595
1668 1248
1669 1760
1670 1027
1671 1354
1672 464
1673 1375
1674 1020
1675 353
1676 938
1677 1315
1678 1164
1679 1432
1680 268
1681 563
1682 14
1683 363
1684 215
1685 1009
1686 284
1687 65
1688 1158
1689 320
1690 32
1691 1250
1692 1725
1693 1675
1694 28
1695 1330
1696 911
1697 1148
1698 1610
1699 759
1700 831
1701 790
1702 1037
1703 692
1704 844
1705 764
1706 157
1707 574
1708 1341
1709 292
1710 1716
1711 136
1712 502
1713 1440
1714 1067
1715 1718
1716 847
1717 1048
1718 1193
1719 75
1720 781
1721 1355
1722 315
1723 1321
1724 1447
1725 335
1726 822
1727 776
1728 750
1729 1496
1730 103
1731 372
1732 1142
1733 766
1734 265
1735 84
1736 509
1737 768
1738 1087
1739 457
1740 388
1741 1501
1742 1258
1743 442
1744 592
1745 1766
1746 1758
1747 547
1748 1712
1749 24
1750 865
1751 115
1752 706
1753 1388
1754 422
1755 1262
1756 1269
1757 940
1758 888
1759 443
1760 450
1761 429
1762 1392
1763 1161
1764 99
1765 310
1766 1644
