60 0
3177 1
385 2
1244 3
2274 4
2399 5
119 6
3653 7
61 8
3052 9
2677 10
3488 11
1558 12
44 13
3882 14
863 15
2893 16
3158 17
15 18
1746 19
301 20
3582 21
1091 22
1324 23
1191 24
2129 25
324 26
846 27
1086 28
2913 29
1435 30
1541 31
70 32
472 33
1557 34
561 35
112 36
555 37
2407 38
3879 39
256 40
3229 41
1839 42
103 43
497 44
885 45
2593 46
321 47
585 48
575 49
1144 50
824 51
2006 52
853 53
3512 54
1216 55
2027 56
652 57
2231 58
2797 59
3714 60
648 61
2720 62
2431 63
3735 64
952 65
2416 66
1830 67
865 68
3431 69
1620 70
2961 71
1396 72
2232 73
3769 74
3103 75
1579 76
535 77
1298 78
2179 79
2833 80
218 81
672 82
3711 83
3471 84
462 85
431 86
1939 87
558 88
2140 89
157 90
2058 91
3904 92
2591 93
3083 94
21 95
798 96
3887 97
1936 98
2026 99
807 100
1490 101
768 102
2940 103
632 104
1520 105
1509 106
800 107
2154 108
2834 109
2043 110
199 111
1563 112
3387 113
3271 114
142 115
1328 116
2676 117
302 118
1454 119
2967 120
621 121
1022 122
1876 123
3186 124
1826 125
552 126
1638 127
2858 128
2605 129
2039 130
2865 131
3075 132
3428 133
3878 134
1470 135
2249 136
1744 137
2837 138
2603 139
1355 140
2562 141
674 142
2317 143
869 144
3874 145
3273 146
116 147
2410 148
3757 149
3781 150
3461 151
3244 152
1476 153
3515 154
3567 155
1188 156
1795 157
2084 158
3594 159
264 160
1238 161
3888 162
1070 163
2470 164
963 165
3085 166
53 167
3864 168
1273 169
3611 170
3833 171
2004 172
415 173
3556 174
54 175
258 176
3635 177
2695 178
200 179
613 180
3572 181
1931 182
3799 183
3771 184
3104 185
3374 186
3443 187
156 188
509 189
3087 190
985 191
1118 192
2197 193
388 194
2453 195
1312 196
375 197
645 198
1131 199
3025 200
99 201
1599 202
3466 203
2907 204
2155 205
2096 206
3852 207
2922 208
2293 209
1272 210
371 211
223 212
3746 213
2872 214
2476 215
1905 216
3022 217
3547 218
2278 219
614 220
2568 221
718 222
1405 223
1281 224
1932 225
1305 226
1687 227
1763 228
549 229
251 230
2021 231
2582 232
507 233
2008 234
2468 235
919 236
1856 237
3456 238
2689 239
1716 240
77 241
1389 242
3856 243
2019 244
49 245
3194 246
402 247
3182 248
834 249
3028 250
1958 251
2683 252
3721 253
925 254
190 255
153 256
650 257
3844 258
2015 259
1849 260
146 261
3511 262
2909 263
3303 264
3525 265
3650 266
2070 267
280 268
2383 269
504 270
1492 271
366 272
1485 273
1241 274
2866 275
3310 276
2747 277
3883 278
1777 279
1032 280
2823 281
1742 282
1429 283
206 284
2318 285
3117 286
1480 287
3249 288
1956 289
1077 290
675 291
3112 292
3812 293
2916 294
38 295
1295 296
2783 297
26 298
1678 299
1556 300
551 301
1811 302
1173 303
655 304
2820 305
854 306
418 307
180 308
856 309
2481 310
1628 311
2347 312
3529 313
571 314
3616 315
3809 316
1726 317
3500 318
3561 319
3132 320
965 321
1602 322
2685 323
1019 324
1442 325
2765 326
3120 327
1233 328
3698 329
3395 330
1806 331
1431 332
2257 333
3009 334
3169 335
3784 336
2118 337
1065 338
2032 339
2734 340
1108 341
1912 342
1005 343
3262 344
1743 345
2378 346
3293 347
2211 348
1061 349
2737 350
1549 351
3545 352
1294 353
3404 354
2246 355
1861 356
177 357
1401 358
2060 359
2954 360
1081 361
806 362
3312 363
1181 364
1428 365
3460 366
229 367
731 368
3066 369
3013 370
3197 371
1264 372
2192 373
3079 374
2798 375
638 376
125 377
3753 378
3578 379
3718 380
3761 381
1126 382
748 383
1267 384
1851 385
3345 386
3048 387
1263 388
392 389
2205 390
2023 391
1635 392
3752 393
1178 394
2375 395
204 396
609 397
467 398
254 399
544 400
818 401
2404 402
2647 403
1705 404
1375 405
2992 406
2684 407
341 408
3108 409
1193 410
3716 411
1045 412
3080 413
2890 414
2276 415
3638 416
1296 417
907 418
529 419
1577 420
1189 421
959 422
530 423
2815 424
2778 425
474 426
735 427
1395 428
2003 429
3429 430
2996 431
1598 432
3655 433
1881 434
3185 435
2352 436
220 437
3863 438
1472 439
3191 440
1891 441
2900 442
1138 443
2540 444
2351 445
1696 446
3453 447
1079 448
3002 449
3720 450
1775 451
1594 452
699 453
1262 454
1816 455
92 456
895 457
775 458
1704 459
3412 460
3409 461
3285 462
3880 463
1159 464
1452 465
1365 466
1010 467
1753 468
1259 469
461 470
2963 471
271 472
2618 473
3656 474
22 475
3507 476
1084 477
3153 478
1036 479
3257 480
2713 481
1018 482
3867 483
1327 484
298 485
977 486
1636 487
1076 488
3296 489
76 490
1292 491
2338 492
3590 493
3218 494
3423 495
2494 496
460 497
1217 498
471 499
3319 500
2169 501
2663 502
2599 503
3490 504
3265 505
2479 506
3148 507
2275 508
1715 509
2901 510
3603 511
717 512
967 513
294 514
3448 515
1949 516
1510 517
2214 518
1697 519
2360 520
2139 521
319 522
3573 523
2606 524
159 525
2323 526
773 527
3663 528
480 529
2598 530
3736 531
1863 532
3143 533
2577 534
1441 535
1260 536
1975 537
3790 538
2149 539
1508 540
3121 541
522 542
1787 543
641 544
1576 545
196 546
801 547
3742 548
923 549
1977 550
537 551
3325 552
1098 553
2762 554
2920 555
2029 556
2610 557
307 558
2321 559
2703 560
2299 561
433 562
208 563
1130 564
1614 565
3658 566
3433 567
1179 568
2094 569
2537 570
3180 571
3313 572
2653 573
3129 574
3123 575
3772 576
267 577
2856 578
2697 579
2520 580
1443 581
2566 582
2528 583
867 584
583 585
2091 586
16 587
1896 588
3088 589
1268 590
3858 591
1300 592
1008 593
3015 594
3849 595
929 596
145 597
2053 598
1386 599
334 600
3378 601
3054 602
2686 603
1915 604
1920 605
176 606
2071 607
2947 608
2662 609
293 610
1537 611
2519 612
1768 613
2325 614
2671 615
3571 616
1016 617
979 618
221 619
1158 620
2185 621
1846 622
231 623
3509 624
1919 625
2964 626
3708 627
3106 628
3133 629
3202 630
3740 631
2166 632
3037 633
3607 634
1512 635
3357 636
2359 637
1265 638
1339 639
2793 640
774 641
228 642
1235 643
3125 644
3200 645
2512 646
2387 647
3326 648
713 649
1820 650
1 651
3819 652
2625 653
931 654
2979 655
2302 656
2100 657
1397 658
1198 659
2717 660
1310 661
1088 662
850 663
2638 664
1249 665
214 666
2535 667
12 668
3282 669
1674 670
3152 671
3342 672
2188 673
391 674
1142 675
1986 676
1366 677
1471 678
3380 679
687 680
2509 681
2045 682
2767 683
201 684
2959 685
84 686
2813 687
310 688
1842 689
1710 690
2724 691
1250 692
3292 693
1808 694
2030 695
1559 696
483 697
2863 698
3643 699
1564 700
578 701
325 702
413 703
541 704
1547 705
936 706
3410 707
1064 708
88 709
828 710
943 711
1202 712
2259 713
2991 714
2761 715
128 716
2601 717
1524 718
1279 719
493 720
421 721
390 722
3521 723
3699 724
878 725
1586 726
2308 727
2314 728
2152 729
2931 730
2999 731
1946 732
2757 733
86 734
1954 735
314 736
35 737
2744 738
3728 739
2584 740
1477 741
2046 742
2080 743
3458 744
837 745
401 746
3894 747
3792 748
270 749
1128 750
3213 751
1748 752
3118 753
1380 754
1436 755
3634 756
3587 757
569 758
3756 759
232 760
3875 761
96 762
1453 763
27 764
916 765
754 766
434 767
1060 768
2853 769
411 770
3462 771
2174 772
1488 773
1385 774
2725 775
2329 776
3689 777
3533 778
3731 779
3834 780
370 781
3899 782
2623 783
4 784
414 785
3279 786
2807 787
1527 788
2707 789
2614 790
3526 791
3803 792
3311 793
1063 794
1113 795
820 796
136 797
3519 798
2461 799
121 800
2738 801
1885 802
684 803
2365 804
1344 805
2167 806
2506 807
1769 808
2787 809
797 810
3430 811
730 812
1709 813
2760 814
2950 815
649 816
3127 817
940 818
1033 819
589 820
3411 821
1322 822
3459 823
3884 824
3662 825
1192 826
3890 827
1543 828
202 829
3021 830
412 831
1737 832
2923 833
1551 834
3851 835
2291 836
2076 837
383 838
14 839
2970 840
729 841
1247 842
424 843
129 844
3850 845
3486 846
1677 847
728 848
2181 849
3613 850
1121 851
2448 852
3211 853
2002 854
2665 855
3804 856
611 857
1626 858
2017 859
2587 860
2311 861
1338 862
235 863
3384 864
2795 865
1923 866
3416 867
532 868
1739 869
2458 870
2906 871
2812 872
1818 873
1415 874
2222 875
501 876
149 877
663 878
3097 879
78 880
2396 881
1323 882
1821 883
3008 884
2507 885
3832 886
215 887
2633 888
1888 889
3651 890
899 891
915 892
692 893
604 894
3081 895
2681 896
892 897
1871 898
2148 899
1478 900
1937 901
3241 902
531 903
2414 904
3478 905
877 906
174 907
972 908
2504 909
3659 910
511 911
3126 912
389 913
1440 914
3497 915
2117 916
1528 917
1051 918
3589 919
3170 920
1182 921
226 922
1535 923
640 924
2933 925
2462 926
1252 927
186 928
671 929
1017 930
3196 931
1641 932
1788 933
707 934
540 935
100 936
636 937
1985 938
2255 939
1653 940
423 941
3245 942
1865 943
3733 944
1850 945
1680 946
2356 947
30 948
275 949
2056 950
957 951
1706 952
2918 953
2615 954
1133 955
384 956
1308 957
2265 958
288 959
1682 960
3672 961
2930 962
93 963
3681 964
192 965
1854 966
2303 967
1024 968
1727 969
2130 970
524 971
3840 972
1248 973
3570 974
2127 975
2182 976
2993 977
3437 978
361 979
960 980
1286 981
64 982
2819 983
2269 984
2733 985
3818 986
3023 987
752 988
3629 989
3606 990
66 991
858 992
1225 993
20 994
3337 995
2009 996
3592 997
894 998
1171 999
3595 1000
2279 1001
2576 1002
3078 1003
1928 1004
3145 1005
2666 1006
3432 1007
1686 1008
550 1009
1456 1010
2861 1011
3096 1012
2001 1013
1042 1014
762 1015
1639 1016
227 1017
167 1018
2049 1019
3438 1020
409 1021
2887 1022
700 1023
3317 1024
2882 1025
3513 1026
3012 1027
2675 1028
289 1029
813 1030
2436 1031
1796 1032
2824 1033
387 1034
584 1035
932 1036
3826 1037
2339 1038
1253 1039
1607 1040
2469 1041
2193 1042
449 1043
3631 1044
3407 1045
1499 1046
2895 1047
2307 1048
1258 1049
3212 1050
354 1051
3775 1052
2405 1053
1538 1054
3679 1055
2482 1056
486 1057
1855 1058
1663 1059
2178 1060
1673 1061
3358 1062
2018 1063
1089 1064
3765 1065
2679 1066
1531 1067
1567 1068
1619 1069
1196 1070
2883 1071
1099 1072
3138 1073
1067 1074
726 1075
3737 1076
1662 1077
155 1078
1823 1079
3566 1080
815 1081
3306 1082
1926 1083
3122 1084
3156 1085
2163 1086
3124 1087
3221 1088
3518 1089
736 1090
195 1091
862 1092
1103 1093
1170 1094
1205 1095
1534 1096
348 1097
1532 1098
1916 1099
2340 1100
3586 1101
1650 1102
1657 1103
1373 1104
2288 1105
996 1106
2972 1107
1801 1108
3166 1109
3320 1110
660 1111
1732 1112
1473 1113
744 1114
1588 1115
1572 1116
3420 1117
