0 287
1 121
2 571
3 1007
4 1426
5 309
6 393
7 1245
8 817
9 177
10 725
11 662
12 993
13 1227
14 658
15 698
16 1028
17 357
18 1305
19 1265
20 1439
21 837
22 996
23 1679
24 1577
25 890
26 1698
27 997
28 161
29 461
30 124
31 1587
32 1120
33 512
34 589
35 673
36 615
37 1249
38 1247
39 1080
40 1230
41 1031
42 641
43 1713
44 1045
45 1020
46 1143
47 12
48 907
49 422
50 1694
51 381
52 1228
53 930
54 1061
55 228
56 635
57 702
58 732
59 735
60 98
61 864
62 1076
63 762
64 1284
65 377
66 710
67 289
68 758
69 1363
70 861
71 1720
72 185
73 1191
74 1699
75 1597
76 418
77 275
78 229
79 1636
80 722
81 540
82 1345
83 1680
84 1596
85 1629
86 184
87 69
88 456
89 254
90 417
91 1201
92 951
93 1217
94 916
95 532
96 1633
97 1722
98 146
99 785
100 367
101 959
102 1732
103 107
104 1695
105 1522
106 1531
107 1260
108 344
109 770
110 386
111 500
112 911
113 902
114 845
115 494
116 384
117 514
118 1451
119 730
120 1719
121 1189
122 182
123 453
124 1409
125 1131
126 420
127 1338
128 1160
129 1640
130 38
131 1572
132 962
133 1282
134 1486
135 1039
136 489
137 1709
138 751
139 1125
140 376
141 149
142 39
143 857
144 904
145 1585
146 1471
147 757
148 479
149 881
150 964
151 1641
152 1350
153 1586
154 258
155 1294
156 607
157 168
158 899
159 1032
160 903
161 1730
162 1609
163 44
164 619
165 298
166 1334
167 1664
168 1261
169 1387
170 86
171 707
172 93
173 1166
174 1544
175 609
176 239
177 1559
178 226
179 175
180 51
181 1435
182 1747
183 286
184 1606
185 1140
186 743
187 986
188 1488
189 1326
190 538
191 579
192 831
193 1174
194 1651
195 829
196 114
197 219
198 125
199 194
200 958
201 391
202 1077
203 846
204 628
205 872
206 359
207 1176
208 1213
209 328
210 1668
211 1625
212 218
213 519
214 53
215 793
216 690
217 1624
218 1198
219 259
220 1676
221 1318
222 245
223 1014
224 1710
225 1276
226 1507
227 1322
228 70
229 314
230 1137
231 843
232 1655
233 1735
234 1128
235 665
236 1248
237 174
238 973
239 341
240 1274
241 542
242 1091
243 1341
244 1425
245 561
246 355
247 75
248 1267
249 1463
250 1479
251 1764
252 1697
253 1374
254 221
255 1088
256 1542
257 288
258 1239
259 874
260 1434
261 1444
262 947
263 1038
264 297
265 1685
266 233
267 440
268 1026
269 677
270 1097
271 382
272 432
273 1037
274 1072
275 1195
276 108
277 231
278 1121
279 644
280 348
281 1700
282 1232
283 1380
284 756
285 1460
286 1478
287 721
288 151
289 116
290 1208
291 397
292 1534
293 2
294 1619
295 71
296 1033
297 823
298 1687
299 1423
300 1621
301 1399
302 1525
303 642
304 188
305 14
306 1744
307 1721
308 910
309 1241
310 20
311 1094
312 1175
313 1218
314 1611
315 796
316 982
317 1512
318 119
319 247
320 241
321 799
322 277
323 869
324 998
325 483
326 1595
327 7
328 1504
329 414
330 591
331 1025
332 183
333 211
334 54
335 623
336 714
337 1287
338 1742
339 818
340 695
341 1483
342 488
343 870
344 1277
345 1762
346 501
347 624
348 1678
349 717
350 173
351 530
352 300
353 531
354 1765
355 815
356 282
357 971
358 1430
359 1343
360 1034
361 1130
362 1666
363 1099
364 767
365 441
366 1669
367 1468
368 1484
369 703
370 565
371 1548
372 89
373 1497
374 1751
375 118
376 970
377 495
378 1376
379 1150
380 311
381 1652
382 926
383 1179
384 345
385 1734
386 115
387 1242
388 1617
389 1089
390 1281
391 110
392 600
393 1403
394 1050
395 1084
396 138
397 1127
398 449
399 811
400 1682
401 364
402 664
403 243
404 1035
405 596
406 1361
407 1712
408 244
409 601
410 610
411 404
412 148
413 1496
414 1690
415 92
416 1515
417 1182
418 988
419 913
420 452
421 622
422 830
423 1259
424 220
425 598
426 1637
427 1042
428 1662
429 737
430 1023
431 1538
432 1054
433 1558
434 1563
435 1708
436 1493
437 744
438 590
439 1155
440 459
441 765
442 1310
443 1177
444 79
445 97
446 35
447 480
448 840
449 1714
450 464
451 1269
452 1452
453 524
454 1475
455 777
456 649
457 1057
458 390
459 838
460 310
461 647
462 152
463 981
464 24
465 895
466 1443
467 380
468 472
469 617
470 709
471 1554
472 795
473 507
474 1063
475 824
476 195
477 841
478 266
479 139
480 399
481 268
482 1510
483 444
484 419
485 1421
486 1108
487 358
488 490
489 279
490 868
491 780
492 196
493 73
494 389
495 921
496 1575
497 932
498 637
499 564
500 1703
501 1603
502 715
503 706
504 989
505 101
506 1253
507 1303
508 1598
509 1746
510 509
511 742
512 126
513 396
514 127
515 274
516 1498
517 370
518 1206
519 1046
520 797
521 657
522 1199
523 1418
524 458
525 19
526 1219
527 909
528 1386
529 711
530 186
531 726
532 429
533 1440
534 943
535 1707
536 1141
537 1325
538 945
539 1002
540 738
541 160
542 1240
543 180
544 1715
545 1302
546 249
547 1766
548 942
549 513
550 1110
551 525
552 645
553 1626
554 157
555 940
556 1644
557 1547
558 410
559 304
560 299
561 886
562 585
563 608
564 32
565 442
566 720
567 594
568 731
569 1041
570 172
571 487
572 329
573 1053
574 1165
575 197
576 1339
577 1492
578 663
579 941
580 1285
581 137
582 1654
583 1112
584 541
585 105
586 290
587 1225
588 691
589 950
590 1500
591 394
592 763
593 670
594 537
595 1453
596 343
597 1412
598 1750
599 337
600 1564
601 994
602 302
603 1718
604 202
605 1663
606 1102
607 210
608 1279
609 335
610 68
611 852
612 1462
613 333
614 618
615 692
616 1315
617 1119
618 1562
619 1501
620 485
621 223
622 923
623 206
624 611
625 22
626 1344
627 1389
628 240
629 1293
630 1062
631 652
632 336
633 214
634 36
635 666
636 72
637 1172
638 1135
639 694
640 143
641 492
642 1582
643 1173
644 1266
645 1056
646 1147
647 1270
648 1083
649 599
650 583
651 966
652 696
653 759
654 26
655 1142
656 192
657 688
658 1154
659 1743
660 1231
661 1482
662 477
663 1613
664 924
665 1578
666 50
667 1051
668 1300
669 965
670 681
671 835
672 960
673 493
674 1136
675 1309
676 144
677 1381
678 528
679 1257
680 1058
681 905
682 888
683 1370
684 1761
685 1540
686 1432
687 467
688 1429
689 1316
690 236
691 613
692 727
693 1145
694 879
695 403
696 415
697 747
698 776
699 1661
700 1351
701 366
702 1017
703 643
704 661
705 1107
706 1657
707 224
708 411
709 295
710 150
711 47
712 88
713 752
714 1383
715 893
716 1337
717 990
718 388
719 679
720 6
721 1725
722 416
723 1568
724 1055
725 638
726 1301
727 1250
728 802
729 800
730 1517
731 1683
732 1027
733 1557
734 1723
735 1066
736 723
737 1456
738 1052
739 77
740 1123
741 1566
742 577
743 1508
744 1464
745 1095
746 979
747 804
748 49
749 827
750 315
751 1739
752 593
753 1675
754 828
755 987
756 660
757 1263
758 708
759 1748
760 563
761 552
762 1658
763 1271
764 291
765 1705
766 109
767 1258
768 437
769 1681
770 1650
771 1171
772 106
773 1447
774 61
775 294
776 920
777 1085
778 1379
779 10
780 1043
781 1390
782 1356
783 1763
784 498
785 554
786 280
787 1728
788 16
789 0
790 1332
791 814
792 634
793 760
794 1251
795 1727
796 216
797 775
798 67
799 1528
800 1264
801 66
802 847
803 555
804 269
805 957
806 1233
807 972
808 1292
809 1516
810 455
811 851
812 1214
813 1665
814 518
815 1335
816 1134
817 430
818 242
819 385
820 1065
821 1113
822 1473
823 885
824 1476
825 774
826 1536
827 1396
828 1133
829 782
830 678
831 1740
832 94
833 798
834 880
835 1324
836 387
837 360
838 18
839 928
840 1272
841 1729
842 676
843 511
844 1117
845 1167
846 654
847 575
848 1667
849 1631
850 8
851 1210
852 1371
853 1537
854 120
855 129
856 892
857 351
858 398
859 271
860 1529
861 1207
862 1349
863 576
864 1553
865 1472
866 834
867 1385
868 339
869 1424
870 1093
871 1092
872 132
873 234
874 1477
875 1367
876 1505
877 612
878 84
879 13
880 1702
881 1003
882 1021
883 949
884 466
885 627
886 746
887 790
888 1623
889 631
890 363
891 87
892 1645
893 292
894 352
895 1395
896 1319
897 1579
898 372
899 1306
900 826
901 9
902 860
903 1278
904 83
905 1506
906 91
907 1086
908 102
909 470
910 1148
911 1646
912 961
913 850
914 543
915 317
916 1018
917 204
918 484
919 1448
920 1243
921 1111
922 1706
923 1620
924 1327
925 956
926 402
927 334
928 361
929 745
930 497
931 1000
932 1273
933 648
934 342
935 1533
936 1634
937 267
938 1202
939 559
940 1211
941 741
942 1138
943 1428
944 5
945 1459
946 356
947 169
948 713
949 535
950 1612
951 104
952 262
953 471
954 438
955 164
956 1170
957 1388
958 1422
959 931
960 1402
961 1151
962 603
963 1628
964 1618
965 566
966 407
967 447
968 1114
969 1317
970 1252
971 156
972 1168
973 587
974 325
975 978
976 55
977 884
978 901
979 56
980 207
981 1401
982 1600
983 425
984 405
985 153
986 1704
987 23
988 1485
989 659
990 1029
991 198
992 428
993 1336
994 1311
995 573
996 52
997 1605
998 1237
999 1144
1000 222
1001 112
1002 1060
1003 29
1004 1458
1005 976
1006 1686
1007 1518
1008 1001
1009 1010
1010 1205
1011 1420
1012 1122
1013 919
1014 794
1015 1312
1016 697
1017 556
1018 736
1019 481
1020 761
1021 1297
1022 995
1023 1157
1024 999
1025 1406
1026 819
1027 504
1028 639
1029 1441
1030 446
1031 235
1032 1602
1033 891
1034 581
1035 832
1036 963
1037 1223
1038 1394
1039 1659
1040 145
1041 1461
1042 582
1043 1467
1044 225
1045 719
1046 1696
1047 684
1048 927
1049 1296
1050 1069
1051 187
1052 1653
1053 898
1054 319
1055 1352
1056 1414
1057 1514
1058 882
1059 1749
1060 123
1061 1672
1062 1081
1063 130
1064 1040
1065 936
1066 630
1067 1527
1068 1745
1069 917
1070 1328
1071 316
1072 980
1073 633
1074 379
1075 1436
1076 205
1077 569
1078 312
1079 450
1080 400
1081 1639
1082 331
1083 897
1084 1726
1085 510
1086 248
1087 1457
1088 1234
1089 170
1090 1391
1091 544
1092 469
1093 773
1094 346
1095 34
1096 1118
1097 1446
1098 908
1099 1288
1100 667
1101 1632
1102 1221
1103 324
1104 265
1105 1599
1106 1649
1107 1604
1108 1163
1109 918
1110 308
1111 1530
1112 1074
1113 1364
1114 1688
1115 1521
1116 1313
1117 1415
1118 350
1119 787
1120 154
1121 502
1122 306
1123 181
1124 887
1125 969
1126 203
1127 281
1128 669
1129 768
1130 273
1131 1222
1132 1377
1133 1185
1134 1413
1135 1610
1136 547
1137 1737
1138 718
1139 1400
1140 1546
1141 1229
1142 436
1143 1491
1144 90
1145 431
1146 1454
1147 700
1148 383
1149 783
1150 866
1151 820
1152 674
1153 283
1154 1660
1155 45
1156 1220
1157 580
1158 1087
1159 1129
1160 1551
1161 750
1162 1691
1163 1059
1164 728
1165 595
1166 1648
1167 4
1168 63
1169 1330
1170 749
1171 992
1172 392
1173 1752
1174 801
1175 200
1176 558
1177 693
1178 28
1179 1360
1180 1502
1181 939
1182 1353
1183 975
1184 1519
1185 227
1186 190
1187 1378
1188 953
1189 1757
1190 878
1191 1589
1192 854
1193 43
1194 522
1195 46
1196 1701
1197 1684
1198 468
1199 753
1200 237
1201 99
1202 179
1203 1560
1204 934
1205 1614
1206 1200
1207 1075
1208 1008
1209 933
1210 1291
1211 822
1212 326
1213 58
1214 162
1215 1011
1216 651
1217 816
1218 1224
1219 1480
1220 1398
1221 915
1222 739
1223 1407
1224 147
1225 1006
1226 685
1227 272
1228 948
1229 1673
1230 574
1231 1670
1232 716
1233 1183
1234 166
1235 353
1236 900
1237 189
1238 1073
1239 1671
1240 680
1241 321
1242 967
1243 141
1244 584
1245 1565
1246 1016
1247 1359
1248 1169
1249 1194
1250 1627
1251 82
1252 778
1253 1583
1254 925
1255 912
1256 322
1257 320
1258 475
1259 533
1260 1736
1261 656
1262 521
1263 191
1264 1105
1265 672
1266 212
1267 443
1268 1470
1269 1348
1270 1304
1271 1178
1272 1048
1273 1445
1274 929
1275 284
1276 128
1277 209
1278 1132
1279 1549
1280 1153
1281 604
1282 1019
1283 1465
1284 426
1285 1366
1286 457
1287 1005
1288 460
1289 740
1290 546
1291 1070
1292 1526
1293 550
1294 1013
1295 412
1296 955
1297 171
1298 1357
1299 625
1300 1340
1301 1503
1302 871
1303 1733
1304 1188
1305 1126
1306 1635
1307 786
1308 463
1309 41
1310 167
1311 427
1312 1716
1313 1455
1314 771
1315 323
1316 1588
1317 1268
1318 616
1319 1419
1320 301
1321 1545
1322 1556
1323 30
1324 424
1325 1369
1326 646
1327 769
1328 1495
1329 1372
1330 374
1331 1384
1332 264
1333 60
1334 278
1335 11
1336 261
1337 409
1338 178
1339 473
1340 946
1341 1192
1342 1209
1343 855
1344 1096
1345 499
1346 1365
1347 1235
1348 80
1349 163
1350 1100
1351 496
1352 1314
1353 1236
1354 1543
1355 766
1356 365
1357 788
1358 1561
1359 1246
1360 853
1361 305
1362 779
1363 529
1364 421
1365 1289
1366 842
1367 1196
1368 246
1369 836
1370 789
1371 78
1372 1226
1373 238
1374 1030
1375 683
1376 401
1377 155
1378 704
1379 985
1380 1689
1381 96
1382 276
1383 526
1384 208
1385 1295
1386 213
1387 1552
1388 318
1389 1450
1390 712
1391 65
1392 1184
1393 253
1394 755
1395 1601
1396 250
1397 1064
1398 1162
1399 1022
1400 15
1401 1124
1402 474
1403 1416
1404 508
1405 260
1406 983
1407 1731
1408 506
1409 176
1410 1511
1411 578
1412 1354
1413 586
1414 1004
1415 1569
1416 1079
1417 1101
1418 1215
1419 95
1420 1355
1421 858
1422 549
1423 133
1424 1164
1425 954
1426 889
1427 1187
1428 1068
1429 1411
1430 57
1431 614
1432 1755
1433 1717
1434 1382
1435 689
1436 42
1437 64
1438 1
1439 562
1440 1049
1441 327
1442 1098
1443 165
1444 1067
1445 1036
1446 844
1447 406
1448 1759
1449 1642
1450 1592
1451 201
1452 1082
1453 517
1454 199
1455 491
1456 875
1457 349
1458 1186
1459 369
1460 1397
1461 33
1462 1693
1463 1392
1464 821
1465 347
1466 1139
1467 1539
1468 944
1469 848
1470 134
1471 520
1472 313
1473 597
1474 1570
1475 1044
1476 1741
1477 805
1478 668
1479 462
1480 1647
1481 103
1482 330
1483 754
1484 1012
1485 894
1486 748
1487 724
1488 592
1489 1331
1490 653
1491 1427
1492 1024
1493 813
1494 395
1495 1692
1496 1437
1497 448
1498 671
1499 1594
1500 1323
1501 1481
1502 629
1503 527
1504 1438
1505 1015
1506 1146
1507 1410
1508 1009
1509 1298
1510 503
1511 251
1512 1499
1513 1180
1514 1106
1515 1286
1516 781
1517 1299
1518 729
1519 516
1520 1417
1521 1541
1522 812
1523 1333
1524 1307
1525 548
1526 640
1527 808
1528 136
1529 135
1530 701
1531 551
1532 505
1533 81
1534 1524
1535 867
1536 1152
1537 371
1538 705
1539 1674
1540 863
1541 31
1542 1071
1543 922
1544 1724
1545 100
1546 803
1547 1159
1548 632
1549 1116
1550 433
1551 296
1552 534
1553 1329
1554 25
1555 1622
1556 1290
1557 682
1558 1161
1559 1494
1560 307
1561 1109
1562 21
1563 1532
1564 257
1565 1753
1566 256
1567 1308
1568 626
1569 602
1570 865
1571 158
1572 792
1573 17
1574 1255
1575 1104
1576 1449
1577 560
1578 1758
1579 59
1580 293
1581 1571
1582 1103
1583 1238
1584 252
1585 1656
1586 1254
1587 1607
1588 655
1589 1321
1590 375
1591 48
1592 1373
1593 1283
1594 1216
1595 1513
1596 1581
1597 37
1598 217
1599 883
1600 1431
1601 636
1602 553
1603 131
1604 873
1605 1346
1606 122
1607 113
1608 1347
1609 303
1610 439
1611 27
1612 523
1613 332
1614 849
1615 1555
1616 539
1617 1408
1618 733
1619 545
1620 1520
1621 791
1622 1342
1623 1593
1624 876
1625 734
1626 974
1627 159
1628 567
1629 650
1630 570
1631 1181
1632 465
1633 675
1634 621
1635 839
1636 1115
1637 232
1638 896
1639 263
1640 1404
1641 1711
1642 451
1643 1190
1644 984
1645 482
1646 1756
1647 810
1648 85
1649 3
1650 1490
1651 699
1652 1358
1653 270
1654 1469
1655 806
1656 1275
1657 62
1658 572
1659 454
1660 1576
1661 1573
1662 952
1663 1280
1664 1193
1665 354
1666 423
1667 1489
1668 435
1669 862
1670 620
1671 140
1672 434
1673 1047
1674 1442
1675 1433
1676 230
1677 935
1678 1535
1679 486
1680 764
1681 687
1682 991
1683 1754
1684 1523
1685 1204
1686 938
1687 1256
1688 215
1689 1643
1690 373
1691 825
1692 1090
1693 1550
1694 784
1695 478
1696 476
1697 74
1698 1590
1699 1212
1700 1616
1701 1608
1702 1203
1703 833
1704 76
1705 193
1706 1487
1707 1405
1708 1197
1709 1149
1710 111
1711 977
1712 1591
1713 1393
1714 807
1715 772
1716 1158
1717 368
1718 1368
1719 809
1720 338
1721 859
1722 340
1723 1362
1724 1156
1725 1677
1726 285
1727 408
1728 605
1729 606
1730 557
1731 1574
1732 1584
1733 686
1734 1375
1735 1078
1736 937
1737 1509
1738 445
1739 568
1740 1244
1741 1615
1742 588
1743 914
1744 515
1745 1567
1746 856
1747 1638
1748 1474
1749 877
1750 1760
1751 255
1752 40
1753 1738
1754 906
1755 362
1756 1630
1757 413
1758 117
1759 968
1760 536
1761 1580
1762 1466
1763 1262
1764 378
1765 1320
1766 142
