0 151
0 401
0 509
0 959
0 1673
1 1082
2 46
2 173
2 1395
3 3
4 1013
5 5
6 6
7 766
7 1443
8 143
8 198
8 333
8 346
8 492
8 607
8 659
8 793
8 898
8 973
8 994
8 1451
10 198
10 351
10 506
10 535
10 559
10 763
10 766
10 969
10 995
10 1063
10 1151
10 1330
10 1380
13 209
13 272
13 298
13 659
13 690
13 1029
13 1039
13 1063
13 1086
13 1126
13 1221
14 171
14 292
14 493
15 115
15 219
15 265
15 440
15 657
15 1327
15 1632
16 69
16 102
16 431
16 932
17 17
19 214
19 565
19 921
19 1063
19 1642
20 949
20 1187
20 1423
21 21
22 710
22 1178
23 61
23 75
23 194
23 286
23 543
23 898
23 958
23 995
23 1094
23 1141
23 1219
23 1231
23 1547
23 1602
23 1673
24 755
24 1209
24 1219
24 1355
24 1372
24 1495
24 1528
24 1553
24 1730
24 1737
25 25
26 26
27 27
28 171
28 186
28 948
28 1038
28 1686
28 1727
29 645
30 228
30 1377
30 1515
31 151
31 1063
31 1219
31 1540
31 1621
31 1623
31 1700
32 141
32 235
32 923
32 1111
33 1740
34 61
34 65
34 92
34 320
34 396
34 506
34 673
34 690
34 745
34 858
34 963
34 1062
34 1291
34 1312
34 1422
34 1533
34 1592
34 1595
35 35
36 597
36 708
37 37
38 1634
38 1669
39 633
39 721
39 1126
39 1201
40 40
41 41
43 189
43 268
43 456
43 555
43 586
43 689
43 819
43 1028
43 1174
43 1198
43 1301
43 1493
43 1686
44 89
44 404
44 694
44 1008
44 1121
44 1214
44 1219
44 1247
44 1502
46 2
46 314
46 405
46 709
46 722
46 723
46 979
46 1185
46 1323
46 1527
47 88
47 666
47 1328
48 48
49 581
49 711
49 717
49 1267
49 1336
49 1444
51 556
51 924
51 1553
52 58
52 694
53 1173
54 1070
54 1743
55 688
56 919
56 973
56 1008
57 18
57 1665
58 89
58 1506
59 59
60 209
60 1147
61 361
61 396
61 562
61 666
61 980
61 1271
61 1326
61 1575
62 62
63 191
63 1330
65 73
65 108
65 132
65 480
65 485
65 559
65 963
65 1086
66 173
66 502
66 637
66 766
66 1064
66 1663
68 84
68 1632
69 271
69 737
69 958
69 1522
69 1623
69 1636
69 1649
70 184
70 237
70 490
70 544
70 565
70 604
70 658
70 816
70 858
70 948
70 1053
70 1118
70 1143
70 1647
70 1672
70 1686
71 314
71 663
71 858
71 1142
71 1276
71 1372
72 107
72 192
72 209
72 314
72 403
72 485
72 522
72 562
72 631
72 641
72 659
72 789
72 921
72 959
72 1039
72 1094
72 1482
72 1558
72 1721
72 1749
73 1030
74 74
75 170
75 203
75 241
75 1174
75 1412
75 1652
76 76
77 1116
77 1460
77 1669
78 209
78 481
78 898
78 1377
79 1527
80 265
80 666
80 973
80 1222
80 1286
80 1557
80 1564
81 1074
82 761
84 68
84 226
84 433
84 487
84 577
84 579
84 637
84 706
84 715
84 921
84 963
84 973
84 1379
84 1416
84 1521
84 1635
84 1650
84 1745
85 85
86 1658
88 47
88 584
88 666
89 58
89 485
89 488
89 1547
89 1657
90 184
90 1541
91 143
91 783
91 1018
91 1649
92 34
92 184
92 190
92 195
92 235
92 327
92 409
92 579
92 610
92 616
92 625
92 640
92 680
92 688
92 838
92 995
92 1129
92 1303
92 1306
92 1367
92 1406
92 1731
92 1757
93 678
96 774
97 847
98 102
99 406
99 898
99 1053
99 1651
100 360
100 955
100 1029
100 1651
101 646
101 1241
102 23
102 391
102 415
102 898
102 1319
102 1460
103 898
104 352
104 714
104 1028
105 597
105 615
107 36
107 327
107 766
107 958
107 1092
107 1138
107 1218
107 1319
107 1395
107 1458
107 1695
108 214
108 969
108 1086
108 1173
108 1642
109 559
109 591
109 1011
110 72
110 597
110 959
111 111
113 113
115 15
115 173
115 184
115 209
115 524
115 530
115 585
115 619
115 652
115 717
115 1092
115 1094
115 1558
116 28
117 117
118 34
119 143
120 542
120 1117
120 1239
120 1695
121 143
121 694
121 881
121 1098
121 1558
122 122
123 123
124 456
124 712
124 1239
124 1552
124 1636
125 125
126 718
126 1014
126 1648
127 127
128 128
130 130
131 131
132 10
132 65
132 151
132 171
132 305
132 333
132 550
132 668
132 718
132 947
132 1073
132 1094
132 1219
132 1257
132 1623
132 1731
133 954
133 1138
133 1297
134 518
134 755
134 930
135 43
135 172
135 425
135 727
135 921
135 1144
135 1566
135 1712
136 343
137 137
138 80
138 102
138 162
138 973
138 1029
139 399
140 140
142 142
143 121
143 167
143 236
143 309
143 416
143 433
143 474
143 481
143 562
143 563
143 637
143 685
143 694
143 729
143 864
143 879
143 898
143 1013
143 1056
143 1093
143 1105
143 1138
143 1143
143 1195
143 1451
143 1480
143 1602
143 1653
143 1717
143 1731
144 440
144 555
144 909
144 1623
145 369
145 488
145 778
146 162
146 333
146 500
146 729
146 1072
146 1100
146 1272
146 1382
146 1443
146 1459
146 1506
146 1546
146 1553
146 1729
147 198
148 247
148 357
148 766
148 1385
148 1697
149 1444
150 717
151 28
151 341
151 366
151 673
151 1432
151 1444
152 1179
152 1198
153 153
154 1642
155 201
156 852
156 1642
157 157
158 158
159 159
161 262
161 717
161 846
161 1230
162 92
162 146
162 511
162 514
162 659
162 748
162 761
162 803
162 1094
162 1117
162 1230
162 1464
162 1633
162 1653
162 1673
162 1727
162 1730
163 161
163 737
163 741
163 919
163 921
163 1249
163 1629
163 1687
163 1731
163 1757
164 164
165 165
166 250
166 414
166 520
166 712
166 965
166 1008
166 1051
166 1547
167 8
167 135
167 143
167 333
167 357
167 396
167 565
167 599
167 631
167 639
167 690
167 705
167 891
167 969
167 999
167 1004
167 1218
167 1285
167 1377
167 1447
167 1482
167 1533
167 1602
168 322
168 374
168 471
168 1741
169 299
169 695
170 75
170 1470
170 1547
171 135
171 725
171 948
171 1327
171 1594
171 1673
171 1695
172 135
172 690
172 1082
172 1094
172 1218
172 1470
173 115
173 382
173 535
173 717
173 783
173 800
173 1011
173 1094
173 1669
173 1673
173 1720
173 1743
174 314
174 1484
175 923
176 148
176 702
176 1541
177 240
177 564
177 892
177 1642
178 1029
179 179
180 192
180 453
182 672
182 1397
182 1456
183 960
183 1169
184 102
184 288
184 360
184 387
184 540
184 722
184 737
184 741
184 751
184 765
184 836
184 864
184 919
184 1030
184 1056
184 1241
184 1422
184 1552
184 1586
184 1700
185 509
185 1363
185 1464
185 1547
186 28
186 70
186 712
186 921
186 942
187 946
187 953
187 988
187 1164
187 1210
187 1734
189 599
189 919
190 597
190 755
190 898
190 973
190 1095
190 1731
191 1013
191 1014
191 1121
192 180
192 377
192 538
192 579
192 710
192 790
192 821
192 1011
192 1045
192 1648
192 1678
193 193
194 460
194 827
194 1527
195 455
195 942
195 1230
195 1730
196 793
196 1657
198 92
198 97
198 178
198 453
198 487
198 493
198 581
198 616
198 659
198 714
198 723
198 779
198 955
198 1013
198 1030
198 1123
198 1128
198 1146
198 1271
198 1642
198 1650
199 199
201 155
202 814
202 1298
202 1528
202 1564
203 803
203 1558
204 702
204 954
204 1209
204 1687
205 638
206 569
208 1091
209 70
209 78
209 226
209 265
209 324
209 485
209 489
209 535
209 587
209 597
209 634
209 692
209 1086
209 1305
209 1319
209 1363
209 1378
209 1625
209 1737
210 643
211 342
212 514
212 546
212 634
212 904
212 1195
213 248
213 724
213 894
214 597
214 1257
215 215
216 1110
217 217
218 218
219 72
219 236
219 404
219 717
219 723
219 737
219 755
219 761
219 1129
219 1183
219 1634
219 1757
220 947
220 1541
220 1642
221 1233
222 732
223 666
223 670
223 1128
223 1172
223 1506
224 202
224 666
224 1002
224 1377
224 1521
224 1667
225 225
226 47
226 171
226 341
226 666
226 1663
227 1553
228 30
228 404
228 552
228 577
228 769
229 247
229 1560
231 275
231 524
231 604
231 893
231 982
231 1094
231 1218
231 1540
231 1669
232 232
233 898
233 1111
234 333
234 907
235 99
235 168
235 357
235 530
235 625
235 688
235 761
235 1063
235 1741
236 186
236 262
236 327
236 480
236 522
236 723
236 913
236 1028
236 1089
236 1365
236 1568
236 1620
236 1658
236 1700
236 1765
237 555
237 921
237 1547
238 238
239 1219
240 739
241 95
241 1380
242 242
243 616
243 1273
244 39
244 70
244 416
244 1094
244 1541
244 1663
245 333
245 483
245 1505
245 1525
245 1558
245 1642
246 903
246 1201
247 229
247 244
248 317
248 510
248 881
250 166
250 325
250 401
251 1663
252 252
253 1243
254 520
254 959
255 255
256 256
257 257
258 1642
258 1686
259 846
260 260
262 846
262 1473
262 1621
262 1687
262 1757
263 263
264 628
264 1642
265 308
265 766
265 921
265 947
265 1147
265 1541
265 1605
266 717
266 1267
267 45
267 301
267 1172
267 1731
268 43
268 530
268 1025
268 1502
268 1672
270 270
271 471
271 550
271 582
271 647
271 1485
272 13
272 177
272 322
272 409
272 693
272 1432
272 1644
272 1730
273 273
274 43
274 219
275 231
275 1669
276 725
277 333
277 347
277 479
277 518
277 879
277 898
277 983
277 1008
277 1039
277 1071
277 1301
277 1464
278 278
279 942
279 1651
280 1028
282 409
282 460
282 637
282 758
282 803
282 1092
282 1243
282 1288
282 1691
282 1696
283 1741
284 761
284 1323
285 285
286 23
286 80
286 146
286 511
286 550
286 586
286 587
286 607
286 666
286 898
286 964
286 1072
286 1138
286 1322
286 1355
286 1448
287 287
289 544
291 291
292 177
292 1050
292 1219
293 293
295 24
295 410
295 419
295 1120
295 1602
296 429
296 712
296 879
297 357
297 1552
298 425
299 509
299 1323
300 1632
301 192
301 322
301 429
301 579
301 717
301 1482
303 303
304 1682
305 237
305 594
305 718
305 816
305 884
305 973
305 1065
305 1094
305 1277
305 1380
306 1072
307 307
308 53
308 272
308 322
308 726
308 782
308 1092
308 1314
308 1409
308 1577
309 121
309 481
309 1435
309 1558
310 1209
311 269
311 1092
312 312
313 313
314 43
314 331
314 437
314 463
314 514
314 717
314 786
314 821
314 959
314 1054
314 1100
314 1153
314 1276
314 1623
314 1648
314 1652
314 1673
315 1106
315 1642
316 1528
316 1557
316 1695
317 209
317 248
317 695
317 816
317 1527
318 317
318 1056
318 1423
319 1519
319 1655
320 510
320 1026
321 696
321 797
321 1632
322 574
322 632
322 1552
323 333
323 904
323 1267
323 1365
323 1420
324 13
324 265
324 272
324 333
324 574
324 948
324 1008
324 1092
324 1218
324 1605
324 1701
325 44
325 219
325 965
325 1028
325 1228
326 774
326 869
326 1117
326 1324
326 1629
327 102
327 183
327 717
327 758
327 1319
327 1381
327 1493
327 1737
328 910
328 1008
329 10
329 281
329 731
329 1219
331 314
332 332
333 8
333 12
333 24
333 34
333 105
333 162
333 194
333 227
333 276
333 302
333 351
333 433
333 481
333 563
333 569
333 579
333 617
333 637
333 666
333 761
333 783
333 864
333 884
333 953
333 985
333 993
333 1011
333 1030
333 1054
333 1080
333 1117
333 1166
333 1172
333 1195
333 1213
333 1237
333 1421
333 1443
333 1462
333 1477
333 1502
333 1503
333 1565
333 1623
333 1652
333 1667
333 1734
334 763
335 729
335 766
335 821
335 1219
335 1357
336 1512
336 1728
337 337
338 338
339 561
339 803
339 1014
340 340
341 115
341 151
341 268
341 457
341 504
341 619
341 666
341 709
341 712
341 717
341 816
341 917
341 918
341 1163
341 1192
341 1219
341 1222
341 1365
341 1521
341 1537
341 1623
341 1704
341 1710
342 492
342 1426
344 955
345 75
345 1669
346 34
346 118
346 190
346 495
346 1422
346 1486
346 1502
346 1731
347 44
347 1075
347 1219
347 1721
348 1211
348 1377
348 1549
349 788
349 1000
349 1409
350 511
350 760
350 813
351 10
351 24
351 314
351 448
351 485
351 666
351 1063
352 623
352 803
353 1213
354 354
355 101
355 783
355 1147
355 1426
355 1477
355 1653
356 907
356 1042
356 1129
356 1267
357 184
357 209
357 324
357 597
357 676
357 821
357 959
357 1008
357 1380
358 358
359 72
359 192
359 678
359 827
359 1011
359 1731
360 100
360 115
360 481
360 510
360 737
360 1112
360 1414
360 1721
360 1757
361 838
361 898
361 1642
362 362
363 135
363 318
363 419
363 448
363 450
363 910
363 1002
363 1169
363 1349
363 1390
363 1460
364 89
364 448
365 847
365 1642
366 192
366 1008
366 1505
366 1521
367 180
367 214
367 309
367 333
367 481
367 674
367 688
367 706
367 736
367 847
367 1023
367 1154
367 1201
367 1230
367 1231
367 1365
367 1379
367 1558
368 368
370 24
370 284
370 521
370 664
370 718
370 805
370 994
370 1745
372 722
372 1547
373 373
374 1663
375 375
376 969
376 1219
377 107
378 378
379 379
380 511
381 246
381 816
381 1502
382 1521
382 1673
383 913
383 1237
384 384
385 161
385 262
385 843
385 1687
386 49
387 347
387 391
387 517
387 722
387 793
387 1051
387 1672
388 674
388 880
389 1126
389 1324
391 429
391 591
391 689
391 718
391 1023
391 1075
391 1443
391 1721
391 1743
392 1173
393 355
393 481
393 783
393 898
393 1010
395 395
396 34
396 176
396 394
396 481
396 532
396 537
396 599
396 714
396 1378
396 1623
396 1690
398 70
398 921
398 1460
399 139
400 400
401 339
401 587
401 965
402 202
402 629
403 44
403 214
403 637
403 666
403 847
403 1365
404 143
404 577
404 579
404 643
404 713
404 739
404 845
404 898
404 1040
404 1061
404 1185
404 1267
404 1269
404 1424
404 1438
405 64
405 333
405 1582
406 99
406 437
407 49
407 143
407 1010
408 408
409 13
409 690
409 837
409 1070
409 1740
410 46
410 92
410 295
410 407
410 474
410 561
410 599
410 739
410 815
410 816
410 838
410 898
410 921
410 1351
410 1406
410 1451
410 1470
410 1686
410 1726
411 235
411 924
411 1169
411 1370
411 1460
412 333
412 709
412 1541
413 413
414 166
414 710
414 855
415 102
415 1233
416 202
416 1669
416 1765
417 417
418 723
418 1642
418 1714
419 235
419 537
419 579
419 761
421 633
421 921
422 795
423 423
424 690
424 717
424 1011
424 1199
424 1498
424 1642
424 1669
425 70
425 92
425 885
425 1072
425 1117
425 1153
425 1267
425 1680
426 224
426 266
426 587
426 641
426 712
426 1010
426 1105
426 1268
427 38
427 1310
429 314
429 1028
429 1075
429 1087
429 1365
429 1462
429 1505
429 1708
429 1757
432 1360
433 8
433 36
433 192
433 333
433 341
433 530
433 585
433 904
433 921
433 925
433 1028
433 1063
433 1143
433 1287
433 1428
433 1689
434 434
435 435
436 1444
436 1502
437 314
439 439
440 115
440 559
440 712
440 1163
440 1673
441 1147
441 1249
442 632
442 1359
443 1547
444 637
444 1219
444 1686
445 445
446 446
448 34
448 191
448 210
448 388
448 818
448 920
448 1055
448 1184
448 1305
448 1380
448 1647
449 58
450 209
450 363
450 766
450 959
450 1038
450 1147
450 1199
450 1366
451 451
452 492
452 714
453 180
453 301
453 352
453 367
453 712
454 454
455 668
455 885
455 1046
455 1141
456 70
456 110
456 224
456 333
456 421
456 517
456 558
456 678
456 920
456 963
456 1030
456 1039
458 708
458 790
458 847
458 1129
458 1305
459 389
459 697
459 904
460 282
460 783
460 827
460 1082
460 1138
460 1227
460 1696
460 1737
461 167
462 750
462 1547
463 143
463 198
463 510
463 691
463 746
463 814
463 1039
463 1072
463 1139
463 1195
463 1602
464 464
465 465
466 976
467 1028
468 996
468 1666
469 411
470 404
470 504
470 1502
471 46
471 132
471 134
471 143
471 162
471 404
471 487
471 642
471 722
471 723
471 904
471 921
471 1041
471 1105
471 1147
471 1218
471 1222
471 1334
471 1521
471 1541
471 1569
471 1708
472 472
473 473
474 132
474 410
474 659
474 1026
474 1053
475 860
476 476
477 678
477 750
477 1443
478 478
479 267
479 1681
480 65
480 173
480 195
480 346
480 429
480 663
480 1230
480 1704
481 167
481 246
481 277
481 333
481 492
481 542
481 566
481 666
481 723
481 783
481 799
481 803
481 1002
481 1008
481 1042
481 1205
481 1303
481 1377
481 1426
481 1496
481 1682
481 1695
481 1743
482 482
483 717
483 971
484 302
484 1117
484 1276
485 10
485 28
485 43
485 239
485 357
485 364
485 723
485 920
485 958
485 1023
485 1141
485 1231
485 1450
485 1728
486 486
487 16
487 198
487 372
487 722
487 739
487 765
487 782
487 904
487 973
487 1056
487 1099
487 1277
487 1384
487 1663
488 145
488 176
488 947
488 1511
489 70
489 72
489 75
489 481
489 522
489 540
489 559
489 666
489 692
489 955
489 1219
490 314
490 887
490 921
490 969
490 1014
490 1063
490 1406
490 1685
491 542
491 594
491 1219
491 1364
491 1438
492 1
492 341
492 438
492 481
492 690
492 729
492 1135
492 1527
492 1658
492 1708
492 1757
493 118
493 198
493 1200
493 1219
494 10
494 895
495 34
495 178
495 239
495 668
495 714
495 1070
496 438
497 8
497 143
497 219
497 492
497 692
497 694
497 717
497 969
497 1129
497 1653
497 1655
497 1680
497 1688
497 1729
498 541
498 1038
498 1690
499 499
500 854
501 1497
502 66
502 766
502 1219
502 1274
503 846
503 1642
504 46
504 171
504 670
504 921
504 964
504 1008
504 1541
504 1743
505 1219
506 23
506 1032
506 1154
506 1177
506 1235
507 507
508 508
509 148
509 166
509 481
509 657
509 965
509 1420
510 24
510 120
510 143
510 209
510 213
510 316
510 357
510 360
510 463
510 522
510 739
510 755
510 803
510 823
510 894
510 915
510 973
510 1042
510 1079
510 1142
510 1172
510 1227
510 1379
510 1503
510 1528
510 1533
510 1632
511 49
511 72
511 80
511 227
511 497
511 527
511 587
511 666
511 973
511 1001
511 1086
511 1205
511 1482
511 1521
511 1527
511 1553
511 1707
511 1743
512 755
513 689
513 930
514 162
514 510
514 659
514 1010
514 1135
514 1558
515 515
516 185
516 377
516 921
516 1439
516 1712
517 456
518 277
518 763
518 1663
519 519
520 0
520 500
520 1506
521 1614
522 72
522 184
522 198
522 617
522 659
522 714
522 819
522 1198
522 1219
522 1241
522 1482
522 1731
523 523
524 632
524 717
524 893
524 982
524 1094
524 1557
524 1700
525 525
526 526
527 1072
527 1117
527 1553
527 1602
528 528
529 224
529 586
529 1009
529 1366
530 146
530 172
530 268
530 314
530 1117
530 1537
530 1721
530 1737
530 1743
531 184
532 162
532 823
532 898
532 1653
533 129
533 329
533 834
533 947
534 534
535 244
535 347
535 504
535 510
535 551
535 654
535 656
535 717
535 790
535 821
535 852
535 1209
535 1278
535 1710
535 1730
535 1734
536 536
539 539
540 747
540 955
540 1039
540 1307
541 498
541 1072
542 286
542 305
542 381
542 405
542 491
542 631
542 835
542 930
542 958
542 1041
542 1094
542 1117
542 1230
542 1249
542 1267
542 1602
542 1625
542 1674
542 1702
543 674
543 921
543 1011
543 1219
544 70
544 429
544 1459
544 1722
545 545
546 212
547 1317
548 765
548 1692
549 1558
550 10
550 22
550 391
550 511
550 594
550 647
550 659
550 718
550 910
550 921
550 976
550 1063
550 1117
550 1121
551 696
552 694
552 723
552 908
552 1230
553 553
555 10
555 921
555 1121
555 1153
555 1257
557 557
558 28
558 456
558 689
558 1128
559 65
559 92
559 162
559 489
559 563
559 647
559 782
559 1004
559 1029
560 560
561 163
561 265
561 430
561 644
561 685
561 763
561 766
561 794
561 955
561 973
561 1028
561 1030
561 1039
561 1289
561 1695
561 1766
562 1381
563 99
563 167
563 228
563 694
563 908
563 1010
563 1138
563 1674
563 1717
564 177
564 703
564 1219
565 167
565 295
565 597
565 599
565 714
565 722
565 985
565 1029
565 1142
565 1143
565 1230
565 1379
565 1657
565 1731
566 192
566 357
566 1506
566 1743
567 567
568 568
569 24
569 1219
569 1377
569 1558
569 1669
570 570
571 717
572 572
573 44
574 322
574 324
574 674
574 690
574 1189
574 1218
574 1221
576 921
576 1020
576 1764
578 750
579 92
579 184
579 261
579 333
579 910
579 942
579 958
579 1008
579 1112
579 1426
579 1663
579 1666
579 1674
579 1721
579 1743
580 357
580 1198
580 1306
581 49
581 341
581 598
581 751
581 1029
581 1208
581 1377
582 1649
583 148
583 759
583 1632
584 167
584 1441
585 925
585 1658
586 146
586 483
586 995
586 1329
586 1365
586 1558
586 1611
586 1633
586 1746
587 1
587 115
587 426
587 723
587 725
587 766
587 948
587 1117
588 588
590 590
591 156
591 272
591 1009
591 1410
592 172
592 450
592 492
592 1400
593 314
593 960
594 84
594 132
594 405
594 983
594 1121
594 1288
594 1470
595 980
596 728
596 954
597 186
597 206
597 214
597 322
597 666
597 755
597 882
597 898
597 904
597 921
597 931
597 1053
597 1063
597 1199
597 1267
597 1448
597 1455
597 1515
597 1583
597 1601
597 1623
597 1625
597 1642
597 1663
598 143
598 674
599 608
599 921
599 1029
599 1040
599 1220
599 1547
600 428
600 1146
601 1558
602 602
604 34
604 607
604 717
604 1094
604 1138
604 1195
604 1415
604 1506
604 1623
605 605
606 606
607 72
607 246
607 333
607 604
607 663
607 722
607 766
607 1010
607 1041
607 1065
607 1117
607 1379
607 1392
607 1507
607 1521
607 1603
608 243
608 460
608 827
609 1021
609 1558
609 1687
610 277
611 611
612 314
612 1205
613 187
613 1164
614 1092
614 1173
616 103
616 198
616 427
616 659
616 714
616 836
616 898
616 910
616 1042
616 1287
616 1340
616 1455
616 1459
616 1688
617 286
617 921
617 1117
617 1428
617 1547
617 1666
617 1759
618 618
619 530
619 1094
619 1105
619 1557
619 1682
619 1737
620 620
621 621
622 622
623 565
623 779
623 999
623 1713
624 1470
625 34
625 186
625 948
625 1153
625 1187
625 1623
626 626
627 627
628 586
628 666
629 666
630 853
630 917
630 1075
631 72
631 108
631 148
631 492
631 1141
631 1663
631 1743
632 34
632 442
632 485
632 487
632 659
632 1008
632 1359
632 1409
632 1546
632 1557
633 39
633 597
633 904
633 1038
633 1267
633 1289
633 1568
633 1623
633 1642
634 34
634 637
634 691
634 1010
634 1274
634 1379
634 1733
635 713
636 636
637 66
637 84
637 156
637 167
637 223
637 282
637 295
637 403
637 634
637 717
637 817
637 869
637 963
637 1023
637 1029
637 1057
637 1121
637 1240
637 1287
637 1485
637 1632
638 60
638 224
638 258
638 420
638 694
638 721
638 799
638 803
638 898
638 1039
638 1170
638 1201
638 1211
638 1349
638 1420
638 1547
638 1695
638 1696
639 1642
640 799
640 1365
640 1669
641 43
641 209
641 426
641 604
641 911
641 1673
642 1525
642 1642
643 404
643 492
643 1097
643 1169
643 1757
644 105
644 1071
644 1219
644 1648
645 9
645 782
646 1444
647 221
647 722
647 1023
647 1402
648 898
648 1029
648 1674
649 785
650 650
651 102
651 1319
653 1143
654 663
654 1085
655 655
657 509
658 70
658 452
658 566
658 1378
659 10
659 19
659 119
659 147
659 167
659 272
659 305
659 333
659 474
659 510
659 514
659 521
659 599
659 637
659 648
659 690
659 760
659 838
659 957
659 973
659 1013
659 1026
659 1134
659 1174
659 1372
659 1377
659 1602
659 1632
659 1673
659 1716
659 1725
660 722
661 661
663 71
663 314
663 670
663 681
663 712
663 718
663 1219
663 1642
664 893
664 930
664 1745
665 665
666 23
666 47
666 61
666 77
666 88
666 99
666 101
666 115
666 177
666 223
666 264
666 511
666 537
666 579
666 714
666 748
666 827
666 1039
666 1121
666 1164
666 1196
666 1241
666 1348
666 1406
666 1527
666 1547
666 1558
666 1737
667 667
668 589
670 24
670 207
670 282
670 367
670 542
670 788
670 819
670 838
670 864
670 920
670 999
670 1022
670 1054
670 1063
670 1336
670 1379
670 1546
670 1558
670 1639
673 308
673 766
673 997
673 1039
674 146
674 349
674 574
674 673
674 788
674 919
674 1024
674 1234
674 1642
675 675
676 357
676 1039
676 1566
677 677
678 456
678 1211
678 1267
678 1614
680 321
681 172
681 411
681 663
681 774
681 960
681 1629
681 1651
681 1706
682 682
684 1642
685 262
685 524
685 1304
686 686
687 687
688 121
688 640
688 782
688 1014
688 1053
688 1154
688 1214
688 1267
688 1500
688 1502
688 1701
689 45
689 71
689 558
689 597
689 619
689 637
689 666
689 815
689 864
689 994
689 1094
689 1276
689 1324
689 1372
689 1493
689 1623
689 1673
689 1712
690 8
690 172
690 190
690 346
690 574
690 715
690 1004
690 1069
690 1123
690 1177
690 1345
690 1352
690 1599
690 1602
690 1642
691 634
691 1208
691 1496
691 1673
692 333
692 511
692 1129
692 1180
693 188
693 333
693 506
693 953
693 1029
693 1667
694 102
694 119
694 341
694 404
694 497
694 518
694 552
694 563
694 579
694 714
694 729
694 755
694 773
694 790
694 812
694 840
694 960
694 980
694 1105
694 1168
694 1208
694 1448
694 1458
694 1512
694 1539
694 1658
694 1669
694 1757
695 169
695 1146
696 1279
698 698
699 699
700 485
700 1642
701 701
702 960
703 286
703 564
703 638
703 1322
703 1339
703 1606
706 367
706 666
706 801
706 1118
706 1547
707 783
708 1133
708 1708
709 412
709 1126
709 1601
710 192
710 412
710 579
710 608
710 882
710 1178
710 1208
710 1521
710 1541
710 1558
711 490
712 70
712 84
712 241
712 425
712 453
712 631
712 679
712 690
712 766
712 858
712 971
712 1053
712 1054
712 1066
712 1086
712 1339
712 1366
712 1554
712 1603
714 92
714 167
714 220
714 666
714 694
714 706
714 710
714 921
714 953
714 1086
714 1602
715 105
715 333
715 422
715 766
715 1008
715 1138
715 1465
716 432
716 757
716 1268
717 23
717 120
717 246
717 301
717 325
717 331
717 359
717 424
717 426
717 485
717 543
717 585
717 788
717 819
717 997
717 1011
717 1064
717 1066
717 1322
717 1378
717 1395
717 1414
717 1458
717 1538
717 1642
717 1663
717 1673
717 1678
717 1695
717 1720
717 1730
717 1737
718 44
718 191
718 237
718 659
718 1184
718 1334
719 1552
720 1120
720 1208
721 638
722 10
722 43
722 102
722 163
722 221
722 224
722 244
722 272
722 284
722 409
722 415
722 550
722 579
722 586
722 593
722 596
722 689
722 693
722 739
722 765
722 780
722 963
722 973
722 1170
722 1241
722 1485
722 1515
722 1651
722 1721
723 352
723 360
723 481
723 550
723 647
723 739
723 955
723 1120
723 1179
723 1401
723 1625
724 173
724 333
724 510
724 530
724 894
725 460
725 1572
726 286
726 511
726 540
726 585
726 678
726 942
726 1138
726 1682
726 1718
727 1094
727 1138
728 163
729 115
729 121
729 146
729 286
729 333
729 429
729 469
729 607
729 637
729 688
729 869
729 1037
729 1066
729 1195
729 1267
729 1547
729 1619
729 1658
730 1211
731 1685
733 733
734 734
735 24
735 1743
736 779
736 1117
736 1144
736 1378
737 69
737 184
737 579
737 637
737 955
737 1075
737 1636
737 1649
739 295
739 518
739 643
739 723
739 726
739 917
739 1239
739 1558
740 8
740 1416
741 102
741 143
741 184
741 360
741 579
741 689
741 1695
742 742
743 1101
743 1569
744 898
744 1552
745 1642
746 97
746 907
746 1632
747 470
747 976
747 1502
748 333
748 426
748 891
749 34
750 206
750 511
750 578
750 898
750 1094
750 1144
750 1443
750 1448
750 1541
750 1707
751 333
751 581
751 1729
752 634
752 1303
752 1674
753 1241
754 1369
755 24
755 143
755 190
755 333
755 704
755 761
755 1008
755 1028
755 1657
755 1672
756 143
756 532
756 939
757 1261
757 1694
757 1751
758 766
758 1023
759 694
760 659
760 881
761 126
761 234
761 325
761 503
761 879
761 1583
761 1605
761 1707
762 762
763 799
763 1021
763 1230
763 1420
763 1660
763 1710
763 1714
764 764
766 10
766 23
766 44
766 81
766 129
766 148
766 209
766 324
766 426
766 561
766 597
766 666
766 715
766 758
766 789
766 945
766 947
766 1123
766 1178
766 1186
766 1222
766 1279
766 1291
766 1390
766 1450
766 1460
766 1464
766 1500
766 1521
766 1589
766 1602
766 1632
766 1660
766 1685
767 1096
767 1676
768 768
769 30
769 739
769 1369
770 1543
772 772
773 986
774 1169
774 1377
775 775
776 724
777 163
778 529
778 678
778 723
778 895
778 919
778 1251
779 198
779 815
779 1527
779 1668
779 1765
780 722
780 763
780 982
780 995
781 315
781 799
782 14
782 34
782 60
782 65
782 92
782 166
782 182
782 184
782 219
782 272
782 357
782 427
782 474
782 666
782 674
782 769
782 955
782 958
782 969
782 1086
782 1248
782 1257
782 1657
782 1673
783 355
783 462
783 694
783 707
783 723
783 813
783 1042
783 1129
783 1233
783 1436
783 1521
783 1658
784 784
786 107
786 286
786 314
786 396
786 510
786 511
786 723
787 1218
787 1708
788 1409
789 145
789 162
789 351
789 1013
789 1521
789 1528
789 1625
790 383
791 791
792 792
793 8
793 34
793 106
793 333
793 346
793 511
793 690
793 766
793 1547
793 1686
794 955
796 485
799 640
799 1603
800 717
801 268
801 509
801 666
801 706
802 802
803 73
803 254
803 309
803 385
803 460
803 514
803 549
803 563
803 608
803 723
803 917
803 924
803 985
803 1054
803 1082
803 1251
803 1527
803 1547
803 1558
803 1667
804 1105
805 714
805 1077
805 1183
806 806
807 807
808 10
808 640
808 678
809 809
810 810
811 271
812 24
812 146
812 688
812 1072
812 1135
812 1531
812 1764
813 732
813 907
813 1144
814 393
815 341
815 623
815 1030
815 1094
816 70
816 597
816 823
816 1026
816 1128
818 448
819 717
819 1276
819 1679
820 1554
821 314
821 1039
821 1539
821 1709
822 822
823 9
823 244
823 277
823 398
823 474
823 846
823 1039
823 1221
823 1267
824 904
825 825
826 826
827 77
827 282
827 510
827 584
827 666
827 725
827 1081
827 1383
827 1558
828 828
829 829
830 830
831 1629
832 921
833 833
834 533
834 1568
835 485
835 542
835 880
835 1741
836 23
836 897
836 980
836 1415
836 1701
837 910
838 58
838 189
838 219
838 394
838 579
838 1097
838 1547
838 1743
838 1765
839 839
840 694
841 43
841 177
841 995
842 1531
843 1274
844 844
845 404
845 492
845 815
846 129
846 181
846 385
846 609
846 671
846 756
846 766
846 1131
846 1284
846 1299
846 1447
847 97
847 314
847 365
847 458
847 736
848 848
849 849
850 850
851 1039
852 109
852 432
852 591
852 1360
852 1381
854 520
856 856
858 346
858 381
858 597
858 693
858 712
858 902
858 953
858 1314
858 1324
858 1592
859 859
860 1483
861 861
862 862
863 904
863 1177
864 409
864 670
864 737
864 1146
864 1372
864 1527
865 865
866 92
867 315
868 267
868 279
868 1042
869 722
869 1036
869 1646
870 394
870 1606
871 105
872 1016
872 1376
873 873
874 874
875 70
875 674
875 723
876 876
877 877
878 878
879 44
879 277
879 403
879 479
879 688
879 959
879 1135
881 61
881 248
881 1117
881 1557
882 634
882 710
882 816
882 1287
883 883
884 65
884 685
884 1063
884 1233
884 1334
884 1521
884 1529
885 455
885 1432
886 718
886 1219
887 490
887 1008
888 888
889 889
890 1303
890 1708
891 690
891 1349
891 1575
893 632
893 1010
894 192
894 213
894 333
894 510
894 587
894 724
894 827
894 1378
895 778
895 1017
895 1063
895 1184
895 1219
895 1257
895 1642
896 896
897 290
897 1028
898 24
898 77
898 80
898 84
898 92
898 103
898 162
898 269
898 294
898 342
898 356
898 380
898 404
898 410
898 485
898 510
898 514
898 542
898 597
898 663
898 793
898 907
898 1002
898 1010
898 1195
898 1267
898 1451
898 1459
898 1462
898 1496
898 1500
898 1521
898 1547
898 1575
898 1633
898 1653
898 1682
898 1688
899 1129
900 168
901 132
903 1210
904 143
904 151
904 448
904 487
904 633
904 670
904 824
904 872
904 1055
904 1126
904 1167
904 1239
904 1279
904 1339
904 1355
904 1447
904 1560
904 1623
904 1686
904 1690
904 1701
906 906
907 36
907 356
907 783
907 1072
907 1117
907 1129
907 1137
907 1553
908 552
909 144
909 921
909 969
909 1552
909 1650
910 43
910 330
910 363
910 474
910 475
910 493
910 530
910 550
910 666
910 672
910 887
910 958
910 1011
910 1039
910 1147
910 1200
910 1372
910 1437
910 1458
910 1547
910 1669
910 1712
910 1752
911 173
911 586
911 1086
912 912
913 387
913 761
913 1605
914 914
915 84
915 198
915 597
915 600
915 891
915 1602
915 1743
916 23
916 1222
916 1553
917 184
917 540
917 579
917 1712
918 485
918 921
919 189
919 390
919 674
919 1728
920 347
920 485
920 633
920 1261
921 9
921 13
921 108
921 132
921 135
921 172
921 186
921 328
921 450
921 490
921 516
921 530
921 555
921 584
921 599
921 619
921 633
921 651
921 659
921 718
921 780
921 789
921 841
921 893
921 895
921 910
921 955
921 982
921 989
921 1014
921 1022
921 1028
921 1066
921 1221
921 1225
921 1229
921 1269
921 1274
921 1372
921 1383
921 1406
921 1436
921 1450
921 1575
921 1625
921 1650
921 1663
921 1745
921 1749
921 1757
922 1258
923 42
923 741
923 953
923 1396
923 1642
924 51
924 96
924 798
924 1043
924 1339
925 880
925 1552
925 1690
926 926
927 763
927 803
928 1057
929 1370
929 1432
930 84
930 370
930 542
930 694
930 955
930 1219
931 827
932 1253
932 1504
933 1147
934 934
935 935
936 1505
936 1568
936 1623
936 1653
937 937
938 938
939 249
939 1444
939 1575
939 1672
940 426
940 921
940 967
940 1515
941 1570
942 186
942 195
942 251
942 279
942 461
942 579
942 596
942 668
942 715
942 726
942 799
942 976
942 987
942 1023
942 1219
942 1243
942 1248
942 1300
942 1329
942 1493
942 1521
942 1572
942 1639
943 604
943 658
943 1086
943 1642
943 1673
944 944
945 997
945 1094
945 1274
947 135
947 220
947 265
947 494
947 1008
947 1036
947 1074
947 1218
947 1635
947 1730
948 132
948 277
948 433
948 587
948 641
948 715
948 749
948 1330
948 1730
950 191
950 1200
950 1277
951 909
951 1205
952 952
953 49
953 198
953 223
953 272
953 458
953 693
953 1126
953 1282
953 1478
954 96
954 921
954 1439
954 1511
955 0
955 160
955 485
955 632
955 722
955 723
955 846
955 910
955 917
955 1023
955 1128
955 1146
955 1169
955 1207
955 1541
955 1662
956 956
957 61
958 121
958 485
958 542
958 737
958 1094
958 1207
959 70
959 72
959 219
959 254
959 333
959 357
959 403
959 676
959 722
959 921
959 1028
959 1557
959 1558
959 1737
960 304
960 471
960 592
960 631
960 774
960 954
960 1323
960 1481
960 1502
960 1632
960 1687
961 961
962 649
962 717
962 1011
963 129
963 404
964 816
965 1
965 509
966 108
967 940
967 1017
967 1063
968 968
969 108
969 305
969 376
969 411
969 542
969 555
969 782
969 905
969 909
969 921
969 955
969 1184
969 1416
969 1623
970 1623
971 70
971 483
971 1081
972 683
973 24
973 65
973 108
973 138
973 286
973 341
973 420
973 481
973 487
973 491
973 542
973 722
973 1001
973 1063
973 1094
973 1527
974 974
975 187
976 38
976 195
976 550
976 1053
976 1301
976 1319
976 1558
976 1561
977 977
978 978
980 23
980 305
980 367
980 481
980 595
980 910
980 1117
980 1144
980 1743
981 84
981 192
981 1219
981 1673
982 921
982 1023
982 1094
983 10
983 272
983 448
983 930
983 1651
984 984
985 24
985 132
985 190
985 333
985 510
985 803
985 868
985 1196
985 1349
985 1511
985 1560
985 1594
985 1602
985 1686
986 114
986 190
986 286
986 314
986 773
986 786
986 1267
987 910
987 1432
988 187
988 1304
989 333
989 1278
990 990
991 991
992 1559
994 8
994 973
995 107
995 231
995 586
995 632
995 782
995 819
995 841
995 1660
995 1705
995 1710
997 574
997 638
997 1050
998 146
998 1366
999 167
999 559
999 670
999 1128
999 1547
1000 1160
1002 24
1002 565
1002 1209
1002 1558
1003 1003
1004 559
1004 717
1004 1117
1004 1653
1004 1695
1005 509
1005 812
1006 1006
1007 1007
1008 13
1008 56
1008 71
1008 226
1008 481
1008 577
1008 652
1008 716
1008 887
1008 969
1008 1046
1008 1070
1008 1123
1008 1199
1008 1286
1008 1406
1008 1485
1008 1650
1008 1730
1009 156
1009 852
1010 56
1010 198
1010 294
1010 403
1010 426
1010 481
1010 511
1010 524
1010 581
1010 587
1010 597
1010 666
1010 676
1010 783
1010 973
1010 1291
1011 79
1011 167
1011 171
1011 279
1011 342
1011 910
1011 1227
1011 1439
1011 1578
1011 1682
1011 1700
1012 1012
1013 4
1013 198
1013 244
1013 418
1013 511
1013 559
1013 910
1013 1041
1013 1063
1013 1164
1013 1355
1013 1372
1013 1378
1013 1706
1013 1730
1014 191
1014 339
1014 351
1014 426
1014 644
1014 669
1014 1651
1014 1681
1015 670
1016 485
1016 921
1016 1201
1016 1225
1017 237
1017 305
1017 491
1017 816
1017 895
1017 973
1017 1410
1017 1428
1017 1467
1017 1707
1018 1298
1019 16
1019 75
1020 1198
1020 1655
1021 609
1021 763
1021 1324
1021 1642
1023 23
1023 367
1023 387
1023 540
1023 608
1023 741
1023 921
1023 942
1023 955
1023 1004
1023 1063
1023 1112
1023 1143
1023 1218
1023 1221
1023 1506
1023 1623
1023 1669
1023 1695
1023 1727
1023 1730
1023 1743
1023 1757
1024 674
1024 1642
1025 717
1025 1365
1026 333
1026 440
1026 474
1026 550
1027 1027
1028 104
1028 274
1028 292
1028 382
1028 561
1028 639
1028 771
1028 804
1028 812
1028 897
1028 985
1028 1097
1028 1311
1028 1463
1028 1493
1028 1651
1028 1727
1029 19
1029 72
1029 237
1029 272
1029 294
1029 305
1029 333
1029 393
1029 396
1029 463
1029 481
1029 566
1029 599
1029 663
1029 808
1029 955
1029 1098
1029 1113
1029 1134
1029 1175
1029 1198
1029 1205
1029 1388
1029 1536
1029 1650
1030 184
1030 224
1030 308
1030 333
1030 489
1030 663
1030 959
1030 1447
1030 1493
1030 1526
1030 1560
1030 1623
1030 1689
1031 1117
1031 1350
1032 282
1032 333
1032 485
1033 1033
1034 1219
1035 239
1036 726
1037 367
1038 167
1038 947
1038 1439
1038 1518
1038 1673
1039 43
1039 75
1039 135
1039 235
1039 374
1039 444
1039 517
1039 518
1039 561
1039 666
1039 823
1039 851
1039 948
1039 955
1039 1063
1039 1219
1039 1370
1039 1450
1039 1541
1039 1678
1039 1700
1040 1032
1040 1482
1041 973
1041 1743
1042 333
1042 510
1042 616
1042 868
1042 1094
1042 1406
1043 924
1043 1559
1044 129
1044 766
1044 1134
1044 1524
1045 192
1046 455
1047 1047
1048 678
1049 1049
1050 292
1050 483
1050 551
1050 679
1051 325
1051 1566
1052 253
1053 99
1053 474
1053 542
1053 1178
1054 248
1054 492
1054 827
1054 898
1054 1496
1055 448
1055 1428
1055 1695
1055 1764
1056 487
1056 540
1056 1008
1056 1552
1056 1621
1057 637
1058 1706
1059 1059
1060 195
1061 396
1061 496
1061 635
1061 694
1061 739
1061 1111
1061 1480
1062 92
1063 14
1063 19
1063 63
1063 84
1063 92
1063 108
1063 132
1063 167
1063 448
1063 542
1063 594
1063 644
1063 1017
1063 1039
1063 1180
1063 1552
1063 1642
1063 1744
1064 510
1064 518
1064 921
1064 1219
1064 1552
1065 305
1066 275
1066 995
1066 1092
1066 1481
1066 1502
1067 1444
1068 77
1068 341
1068 1117
1069 333
1069 450
1069 616
1069 1518
1069 1632
1070 235
1070 495
1070 959
1070 1008
1070 1447
1070 1485
1070 1597
1070 1672
1071 456
1071 642
1071 644
1071 761
1071 1648
1072 306
1072 463
1072 541
1072 1013
1072 1195
1072 1274
1072 1355
1072 1377
1072 1378
1072 1496
1072 1633
1073 325
1073 995
1075 637
1075 737
1075 879
1076 146
1077 573
1077 1553
1078 1078
1081 57
1081 531
1081 827
1082 460
1082 513
1082 803
1083 162
1083 1111
1084 1044
1084 1647
1085 429
1085 510
1085 1657
1086 13
1086 84
1086 108
1086 370
1086 714
1086 782
1086 866
1086 953
1086 1118
1086 1121
1086 1183
1086 1334
1086 1485
1086 1547
1087 146
1087 1620
1087 1719
1087 1728
1088 1088
1089 236
1089 554
1089 948
1089 1130
1089 1614
1090 1090
1091 208
1092 70
1092 115
1092 619
1092 666
1092 712
1092 995
1092 1039
1092 1147
1092 1287
1092 1409
1092 1432
1092 1504
1094 71
1094 146
1094 162
1094 357
1094 372
1094 429
1094 440
1094 481
1094 530
1094 638
1094 723
1094 823
1094 1066
1094 1098
1094 1147
1094 1245
1094 1536
1094 1558
1094 1632
1094 1663
1094 1682
1094 1749
1095 190
1096 1261
1096 1642
1097 274
1097 418
1097 440
1097 443
1097 561
1097 637
1097 1525
1098 347
1098 427
1098 891
1098 1094
1098 1642
1099 492
1100 497
1100 1010
1102 200
1103 1103
1104 1104
1105 43
1105 184
1105 333
1105 357
1105 404
1105 485
1105 647
1105 688
1105 694
1105 1128
1105 1143
1105 1187
1105 1269
1105 1478
1105 1557
1105 1642
1105 1673
1105 1763
1106 77
1106 1558
1107 1107
1108 1108
1109 1109
1110 216
1111 24
1111 211
1111 224
1111 518
1111 722
1111 1042
1111 1217
1111 1285
1111 1392
1111 1394
1111 1561
1111 1641
1111 1678
1111 1701
1112 69
1112 360
1112 522
1112 579
1112 723
1112 1023
1113 1508
1113 1536
1114 1039
1114 1651
1115 1115
1116 586
1116 1303
1116 1694
1117 56
1117 92
1117 120
1117 190
1117 198
1117 425
1117 452
1117 481
1117 586
1117 587
1117 736
1117 750
1117 812
1117 907
1117 930
1117 973
1117 1068
1117 1135
1117 1138
1117 1195
1117 1215
1117 1272
1117 1379
1117 1395
1117 1440
1117 1496
1117 1499
1117 1503
1117 1541
1117 1553
1117 1559
1117 1683
1117 1718
1118 333
1118 875
1118 1086
1118 1094
1118 1129
1118 1138
1118 1679
1120 357
1120 732
1121 14
1121 19
1121 237
1121 239
1121 394
1121 617
1121 706
1121 955
1121 976
1121 986
1121 1147
1121 1429
1121 1486
1122 1122
1123 46
1123 282
1123 690
1123 1219
1124 1665
1125 947
1126 410
1126 693
1126 724
1126 904
1126 1323
1126 1324
1126 1485
1126 1547
1127 1127
1128 151
1128 163
1128 198
1128 335
1128 494
1128 522
1128 685
1128 694
1128 717
1128 1512
1128 1730
1128 1763
1129 162
1129 219
1129 296
1129 404
1129 481
1129 497
1129 607
1129 692
1129 898
1129 907
1129 1553
1129 1558
1132 1602
1133 334
1134 542
1134 1044
1135 228
1135 298
1135 404
1135 471
1135 514
1135 694
1135 732
1135 1105
1135 1674
1136 69
1136 1636
1137 559
1137 1493
1138 15
1138 23
1138 133
1138 135
1138 162
1138 357
1138 543
1138 726
1138 799
1138 869
1138 999
1138 1004
1138 1072
1138 1222
1138 1482
1138 1533
1138 1680
1138 1707
1138 1743
1139 34
1139 786
1140 493
1141 13
1141 195
1142 510
1142 1657
1143 70
1143 143
1143 173
1143 180
1143 262
1143 487
1143 586
1143 712
1143 917
1143 1011
1143 1231
1143 1359
1143 1460
1143 1672
1143 1743
1144 135
1144 1094
1144 1378
1144 1553
1144 1707
1145 1145
1146 487
1146 600
1146 695
1146 737
1146 1128
1147 235
1147 370
1147 419
1147 504
1147 575
1147 641
1147 660
1147 666
1147 1011
1147 1092
1147 1121
1147 1218
1147 1305
1147 1621
1147 1745
1148 747
1149 1149
1151 167
1151 1029
1151 1129
1152 1152
1153 372
1153 658
1153 712
1153 1028
1153 1128
1153 1547
1153 1731
1154 367
1154 563
1154 688
1155 1155
1156 1156
1157 1157
1158 1158
1159 71
1159 607
1159 1117
1159 1558
1159 1642
1159 1732
1160 349
1160 766
1160 1000
1160 1543
1161 1161
1162 1162
1163 115
1164 187
1164 1066
1165 801
1165 1642
1166 184
1166 333
1166 953
1166 1447
1166 1480
1167 333
1167 575
1168 1350
1169 326
1169 363
1169 530
1169 659
1169 739
1169 955
1169 960
1170 722
1170 854
1170 1071
1171 1171
1172 223
1172 694
1172 1177
1172 1230
1172 1642
1173 53
1173 370
1173 614
1174 43
1174 766
1174 1029
1175 198
1176 327
1176 450
1176 607
1177 506
1177 644
1177 1467
1177 1522
1178 363
1178 766
1178 1053
1179 549
1179 565
1179 599
1179 1287
1180 315
1180 644
1180 724
1180 1042
1180 1063
1180 1623
1181 1181
1182 96
1183 1008
1183 1129
1184 192
1184 718
1184 1219
1185 46
1185 404
1187 10
1187 132
1187 151
1187 277
1187 433
1187 1111
1187 1422
1188 1188
1189 1199
1189 1543
1190 1190
1191 1191
1193 1193
1194 921
1195 8
1195 333
1195 703
1195 760
1195 812
1195 898
1195 986
1195 1013
1195 1138
1195 1267
1195 1459
1195 1482
1196 714
1196 1657
1197 1197
1198 152
1198 565
1198 723
1198 917
1198 1220
1198 1602
1198 1740
1199 235
1199 346
1199 357
1199 404
1199 419
1199 597
1199 953
1199 1305
1199 1324
1199 1731
1200 1642
1201 1016
1202 1202
1203 1203
1204 1204
1205 321
1205 542
1205 766
1205 857
1205 898
1205 951
1205 1674
1207 64
1207 219
1207 591
1207 864
1208 24
1208 28
1208 143
1208 341
1208 469
1208 714
1208 1008
1208 1195
1208 1217
1208 1379
1208 1443
1208 1447
1208 1503
1209 24
1209 120
1209 209
1209 604
1209 766
1209 949
1209 985
1209 1266
1209 1317
1209 1725
1210 690
1210 1004
1210 1377
1211 80
1211 363
1211 452
1211 678
1211 1138
1211 1324
1211 1663
1212 1212
1213 690
1214 955
1214 1547
1214 1657
1215 1117
1216 1216
1217 177
1217 915
1217 965
1217 1218
1218 34
1218 107
1218 115
1218 167
1218 231
1218 524
1218 628
1218 696
1218 1013
1218 1392
1218 1432
1218 1481
1218 1686
1219 14
1219 65
1219 118
1219 231
1219 239
1219 290
1219 314
1219 402
1219 416
1219 426
1219 448
1219 485
1219 522
1219 537
1219 543
1219 633
1219 641
1219 669
1219 685
1219 747
1219 816
1219 834
1219 886
1219 969
1219 994
1219 1002
1219 1029
1219 1039
1219 1045
1219 1083
1219 1094
1219 1123
1219 1217
1219 1302
1219 1365
1219 1416
1219 1486
1219 1506
1219 1596
1219 1628
1219 1663
1219 1673
1219 1699
1220 198
1221 34
1221 308
1221 481
1221 690
1221 761
1221 1288
1221 1303
1221 1432
1221 1482
1221 1512
1221 1734
1221 1737
1222 1
1222 83
1222 712
1222 1266
1222 1518
1222 1632
1223 376
1223 1685
1224 187
1224 333
1225 143
1225 717
1226 1226
1227 803
1227 827
1227 1213
1227 1243
1227 1558
1227 1737
1228 226
1228 453
1228 799
1228 942
1228 1692
1230 143
1230 195
1230 219
1230 311
1230 1118
1230 1459
1230 1460
1230 1502
1230 1583
1230 1658
1231 23
1231 163
1231 481
1231 869
1231 1039
1231 1040
1231 1143
1231 1390
1231 1421
1231 1757
1232 1232
1233 487
1233 647
1233 1116
1234 638
1234 789
1234 1241
1234 1518
1234 1588
1235 982
1235 1586
1236 1236
1237 198
1237 383
1237 1066
1237 1243
1237 1323
1238 1238
1239 267
1239 897
1239 904
1239 1111
1241 43
1241 481
1241 522
1241 530
1241 540
1241 717
1241 921
1241 1231
1241 1521
1242 597
1242 712
1242 1666
1243 253
1243 510
1243 803
1243 945
1243 973
1243 1052
1243 1696
1244 1244
1245 115
1245 209
1245 726
1245 1218
1245 1734
1246 1246
1247 471
1247 917
1247 1553
1247 1757
1248 1521
1249 102
1249 603
1249 1023
1249 1075
1249 1111
1249 1146
1249 1392
1250 1250
1251 339
1252 1317
1253 430
1254 1254
1255 1255
1256 1256
1257 132
1257 144
1257 1008
1257 1086
1257 1330
1257 1655
1257 1721
1257 1730
1259 1259
1261 7
1261 1016
1261 1702
1262 1262
1263 143
1263 185
1263 838
1264 220
1264 1512
1264 1592
1264 1632
1265 1265
1267 146
1267 209
1267 396
1267 448
1267 511
1267 597
1267 812
1267 898
1267 973
1267 986
1267 1013
1267 1070
1267 1285
1267 1323
1267 1377
1267 1464
1267 1505
1267 1515
1267 1558
1267 1633
1267 1689
1267 1743
1268 167
1268 346
1268 1020
1269 1376
1269 1679
1270 1679
1271 61
1271 616
1271 714
1271 1642
1271 1672
1271 1674
1272 282
1272 1365
1272 1553
1274 921
1274 969
1274 1257
1274 1642
1275 1275
1276 231
1276 565
1276 689
1276 1111
1276 1233
1276 1657
1277 955
1278 989
1279 954
1279 1439
1280 1280
1281 678
1283 1283
1284 846
1285 92
1285 1267
1285 1743
1286 80
1286 276
1287 8
1287 115
1287 882
1287 1092
1287 1179
1287 1211
1287 1511
1287 1660
1288 65
1288 1063
1288 1531
1289 633
1289 1423
1289 1765
1290 1290
1291 104
1291 535
1291 1011
1291 1118
1292 1556
1293 1293
1294 1294
1295 1623
1296 1237
1297 133
1298 333
1298 419
1300 1423
1301 112
1301 1060
1301 1070
1301 1143
1301 1151
1303 481
1303 808
1303 1146
1303 1673
1304 685
1304 1125
1305 282
1305 357
1305 1219
1305 1365
1305 1525
1305 1727
1306 75
1306 1318
1307 333
1307 1147
1307 1541
1308 1308
1309 1547
1310 427
1311 1028
1313 1313
1314 770
1314 1558
1315 1506
1316 950
1317 902
1319 327
1319 442
1319 485
1319 717
1319 741
1319 766
1319 1129
1319 1176
1320 1320
1321 1321
1322 492
1322 1378
1323 46
1323 284
1323 722
1323 960
1323 1126
1323 1237
1323 1267
1323 1324
1323 1527
1323 1710
1324 77
1324 275
1324 960
1324 1642
1325 458
1325 753
1326 61
1326 1237
1327 15
1327 115
1327 433
1327 587
1327 668
1327 1201
1327 1429
1327 1730
1328 591
1328 903
1328 1441
1328 1665
1329 1506
1330 694
1330 1669
1330 1675
1331 715
1332 1164
1332 1237
1333 1333
1334 19
1334 305
1334 321
1334 471
1334 981
1334 1086
1334 1121
1334 1219
1334 1406
1335 219
1336 198
1336 271
1336 670
1336 815
1336 1372
1336 1623
1337 1337
1338 1000
1338 1160
1338 1642
1339 512
1339 712
1340 50
1340 1642
1341 116
1341 350
1342 1342
1343 1343
1344 1344
1345 712
1345 766
1345 1521
1346 1346
1347 1347
1349 80
1349 898
1349 910
1349 959
1349 1023
1349 1303
1349 1603
1351 1642
1352 690
1353 52
1354 1354
1355 398
1355 634
1355 963
1355 1013
1356 1356
1357 139
1357 1566
1358 1358
1359 726
1359 788
1359 955
1359 1189
1360 1410
1361 1361
1362 1362
1363 209
1363 234
1363 566
1363 931
1363 1195
1364 236
1364 576
1365 236
1365 339
1365 357
1365 429
1365 837
1365 953
1365 1066
1365 1172
1365 1174
1365 1176
1365 1678
1365 1692
1366 535
1366 1460
1367 198
1367 333
1367 921
1367 1153
1367 1547
1367 1623
1368 1368
1369 240
1369 769
1369 1637
1370 409
1370 668
1370 688
1370 929
1370 950
1370 970
1370 1429
1371 1116
1372 49
1372 272
1372 305
1372 314
1372 799
1372 858
1372 921
1372 1013
1372 1028
1372 1094
1372 1196
1372 1654
1372 1697
1373 1373
1374 1374
1375 1375
1376 872
1376 960
1377 24
1377 34
1377 97
1377 171
1377 224
1377 380
1377 497
1377 569
1377 666
1377 690
1377 710
1377 723
1377 891
1377 1072
1377 1210
1377 1279
1377 1421
1377 1491
1377 1502
1377 1522
1377 1602
1377 1611
1377 1621
1377 1629
1377 1642
1377 1672
1377 1737
1377 1743
1378 24
1378 49
1378 79
1378 162
1378 209
1378 286
1378 350
1378 396
1378 492
1378 562
1378 658
1378 692
1378 694
1378 813
1378 891
1378 898
1378 907
1378 1013
1378 1129
1378 1208
1378 1653
1378 1669
1378 1695
1379 607
1379 634
1379 1008
1379 1070
1379 1117
1380 71
1380 151
1380 241
1380 305
1380 347
1380 658
1380 1029
1380 1686
1381 118
1381 562
1381 855
1382 286
1382 898
1382 1100
1383 226
1383 359
1383 584
1383 591
1384 107
1384 487
1384 863
1384 948
1384 1260
1384 1423
1385 1764
1386 1377
1386 1750
1387 1219
1387 1410
1388 172
1388 1497
1389 304
1390 108
1390 530
1390 610
1390 717
1390 1485
1390 1547
1391 1655
1392 727
1392 838
1392 1039
1392 1111
1392 1218
1392 1303
1392 1518
1392 1673
1393 1393
1394 846
1395 36
1395 333
1395 666
1395 1527
1395 1536
1395 1669
1397 182
1397 529
1397 1447
1397 1642
1398 1398
1399 1399
1401 722
1402 1367
1403 551
1404 1404
1405 1405
1406 84
1406 92
1406 132
1406 277
1406 351
1406 1219
1406 1257
1406 1450
1406 1485
1407 895
1407 1623
1407 1672
1408 1408
1409 1719
1409 1755
1410 89
1410 852
1410 1009
1410 1694
1411 1030
1412 493
1412 1008
1412 1602
1413 341
1414 133
1414 360
1414 995
1415 15
1415 173
1415 231
1415 595
1415 717
1415 982
1415 1218
1415 1682
1415 1704
1415 1737
1416 1121
1416 1650
1417 1417
1418 904
1418 966
1419 1419
1420 638
1421 333
1421 511
1421 1231
1421 1602
1422 34
1422 955
1422 1231
1422 1642
1423 662
1423 722
1423 737
1423 917
1423 1130
1423 1300
1423 1521
1423 1609
1423 1687
1424 404
1424 713
1424 1685
1425 1425
1426 241
1426 246
1426 869
1426 1023
1426 1199
1426 1569
1427 1427
1428 69
1428 617
1428 1063
1428 1568
1428 1649
1429 1140
1430 1430
1431 1431
1432 107
1432 219
1432 447
1432 1147
1433 1433
1434 1029
1435 456
1435 1485
1435 1558
1436 401
1436 1528
1436 1602
1436 1737
1437 448
1437 1642
1438 950
1438 1570
1439 96
1439 498
1439 882
1439 954
1439 1011
1439 1147
1440 1117
1440 1512
1440 1670
1441 893
1442 1442
1443 146
1443 333
1443 497
1444 236
1444 1053
1444 1595
1445 1445
1446 367
1447 34
1447 198
1447 224
1447 904
1447 1030
1447 1287
1448 302
1448 492
1448 510
1448 783
1448 1502
1449 1449
1450 89
1450 364
1450 633
1450 718
1450 846
1450 921
1450 1028
1450 1406
1451 92
1451 102
1451 143
1451 406
1451 410
1451 453
1451 492
1451 506
1451 634
1452 1452
1453 1453
1454 248
1454 815
1455 444
1455 1502
1455 1642
1456 672
1456 960
1456 976
1456 1561
1457 70
1457 253
1457 301
1458 397
1458 483
1458 1349
1458 1621
1458 1673
1458 1731
1459 143
1459 286
1459 511
1459 544
1459 722
1459 904
1459 1072
1459 1444
1459 1658
1460 7
1460 44
1460 450
1460 597
1460 1147
1460 1211
1460 1219
1460 1366
1460 1521
1462 333
1462 1017
1462 1505
1463 314
1463 898
1463 1583
1464 190
1464 196
1464 198
1464 333
1464 481
1464 942
1464 1008
1464 1094
1464 1100
1466 1466
1468 1468
1469 1469
1470 170
1470 594
1470 624
1470 981
1470 999
1470 1642
1471 846
1473 235
1473 1008
1473 1243
1474 1474
1475 1475
1476 343
1477 99
1477 581
1477 1039
1477 1135
1479 1479
1480 34
1480 71
1480 246
1480 292
1480 309
1480 449
1480 467
1480 524
1480 712
1480 1129
1480 1153
1481 616
1481 1512
1482 391
1482 481
1482 495
1482 542
1482 917
1482 980
1482 1008
1482 1017
1482 1117
1482 1121
1482 1128
1482 1143
1482 1231
1482 1506
1482 1541
1482 1621
1482 1625
1483 24
1483 448
1484 704
1485 44
1485 68
1485 489
1485 658
1485 712
1485 1029
1485 1070
1485 1094
1485 1141
1485 1257
1485 1367
1485 1379
1485 1521
1485 1663
1485 1686
1485 1737
1485 1765
1487 1487
1488 1488
1489 1489
1490 1490
1491 367
1491 870
1492 1623
1493 149
1493 942
1493 971
1493 1085
1493 1089
1493 1154
1493 1686
1494 1494
1495 1233
1495 1625
1496 152
1496 393
1496 463
1496 481
1496 898
1496 973
1496 1211
1497 973
1499 67
1499 586
1499 1298
1500 114
1500 689
1500 1729
1500 1737
1502 34
1502 196
1502 327
1502 356
1502 436
1502 463
1502 608
1502 634
1502 666
1502 747
1502 1073
1502 1111
1502 1377
1502 1602
1503 333
1503 396
1503 510
1504 322
1504 574
1504 729
1504 1377
1505 121
1505 184
1505 647
1506 357
1506 360
1506 485
1506 566
1506 595
1506 666
1506 748
1506 980
1506 1025
1506 1083
1506 1143
1506 1329
1506 1376
1506 1757
1507 1029
1507 1081
1507 1648
1509 1509
1510 1510
1511 170
1511 372
1511 607
1511 985
1511 1225
1511 1287
1511 1547
1512 195
1512 247
1512 266
1512 336
1512 372
1512 637
1512 670
1512 838
1512 910
1512 1128
1512 1252
1512 1380
1512 1437
1512 1440
1512 1642
1513 1513
1515 228
1515 370
1515 404
1515 441
1515 710
1515 723
1515 1030
1515 1061
1516 1561
1517 1642
1517 1730
1518 412
1518 722
1518 1069
1518 1601
1518 1673
1519 504
1519 1366
1520 1520
1521 0
1521 389
1521 403
1521 433
1521 440
1521 587
1521 681
1521 789
1521 963
1521 1064
1521 1117
1521 1277
1521 1323
1521 1371
1521 1500
1521 1524
1521 1594
1521 1642
1521 1653
1521 1667
1521 1708
1521 1710
1521 1737
1522 69
1522 1377
1523 1523
1525 221
1525 597
1525 1506
1525 1731
1526 644
1526 761
1526 1030
1526 1219
1526 1319
1527 69
1527 148
1527 317
1527 333
1527 453
1527 471
1527 501
1527 688
1527 864
1527 1013
1527 1395
1527 1508
1527 1725
1528 24
1528 316
1528 380
1528 510
1528 789
1528 1379
1528 1633
1529 884
1529 1514
1529 1552
1529 1558
1530 1530
1531 779
1531 842
1531 1623
1531 1740
1532 1532
1533 167
1533 1011
1533 1426
1534 1534
1535 230
1536 9
1536 506
1536 542
1536 569
1536 666
1536 714
1536 789
1536 823
1536 904
1536 945
1536 1029
1536 1663
1537 429
1537 530
1538 664
1538 717
1539 357
1539 694
1540 231
1540 982
1540 1218
1540 1557
1541 71
1541 186
1541 220
1541 250
1541 327
1541 471
1541 522
1541 573
1541 580
1541 592
1541 631
1541 710
1541 717
1541 718
1541 723
1541 727
1541 898
1541 921
1541 1039
1541 1070
1541 1094
1541 1242
1541 1365
1541 1392
1541 1447
1541 1547
1541 1650
1542 209
1543 1314
1543 1409
1543 1719
1543 1741
1544 689
1545 1444
1546 146
1546 346
1546 497
1546 1673
1547 89
1547 426
1547 471
1547 492
1547 514
1547 535
1547 563
1547 601
1547 689
1547 694
1547 793
1547 858
1547 864
1547 910
1547 921
1547 953
1547 959
1547 1010
1547 1086
1547 1094
1547 1214
1547 1367
1547 1380
1547 1480
1547 1525
1547 1541
1547 1628
1547 1642
1547 1647
1547 1663
1547 1745
1548 1748
1550 1550
1551 505
1552 124
1552 243
1552 361
1552 738
1552 1472
1553 24
1553 480
1553 510
1553 558
1553 616
1553 916
1553 1063
1553 1144
1553 1159
1553 1272
1553 1548
1553 1723
1553 1729
1554 70
1554 195
1554 663
1554 948
1554 1663
1555 1555
1556 1172
1556 1292
1557 174
1557 604
1557 632
1557 982
1558 80
1558 115
1558 121
1558 219
1558 262
1558 309
1558 367
1558 407
1558 410
1558 426
1558 460
1558 514
1558 569
1558 608
1558 715
1558 778
1558 827
1558 994
1558 1002
1558 1013
1558 1038
1558 1129
1558 1159
1558 1166
1558 1435
1558 1496
1558 1533
1558 1565
1558 1623
1559 774
1559 992
1559 1043
1560 229
1560 597
1560 921
1560 1218
1560 1274
1560 1623
1560 1650
1561 672
1561 976
1561 1063
1561 1516
1562 1562
1563 1563
1564 1065
1564 1340
1564 1729
1565 1665
1566 277
1566 357
1566 404
1566 510
1566 631
1566 1023
1567 1567
1568 184
1568 633
1568 904
1568 936
1570 129
1570 941
1570 1438
1571 1571
1572 1082
1572 1624
1572 1642
1573 1573
1574 1574
1575 481
1575 521
1575 898
1575 1558
1576 1576
1578 717
1578 1588
1579 930
1579 936
1579 1218
1580 1580
1581 1581
1583 132
1583 1174
1583 1282
1584 1584
1585 1585
1586 1235
1586 1763
1587 143
1588 953
1588 1126
1588 1234
1588 1710
1589 722
1590 1590
1591 1591
1592 71
1592 72
1592 488
1592 959
1593 1593
1594 1521
1595 666
1595 1089
1597 70
1597 670
1597 1013
1597 1030
1597 1147
1597 1673
1598 599
1598 1198
1598 1241
1598 1740
1599 333
1600 1600
1601 39
1601 597
1601 823
1601 1423
1602 24
1602 49
1602 119
1602 167
1602 187
1602 189
1602 198
1602 219
1602 341
1602 347
1602 522
1602 542
1602 581
1602 632
1602 766
1602 959
1602 1114
1602 1198
1602 1213
1602 1421
1602 1678
1602 1686
1602 1731
1604 765
1605 561
1605 761
1605 790
1605 904
1606 151
1606 793
1606 1435
1607 1607
1608 1608
1610 209
1611 586
1611 1462
1612 1363
1613 693
1613 953
1614 678
1615 1615
1616 1616
1617 1617
1618 1618
1620 236
1620 1087
1620 1426
1621 582
1621 1028
1621 1609
1621 1669
1622 1622
1623 19
1623 70
1623 72
1623 84
1623 151
1623 192
1623 305
1623 324
1623 357
1623 424
1623 433
1623 471
1623 479
1623 495
1623 594
1623 666
1623 816
1623 904
1623 909
1623 948
1623 970
1623 983
1623 1042
1623 1046
1623 1097
1623 1151
1623 1184
1623 1257
1623 1276
1623 1330
1623 1390
1623 1407
1623 1451
1623 1547
1623 1554
1623 1681
1625 0
1625 46
1625 333
1625 717
1625 973
1625 1030
1625 1415
1626 120
1626 191
1626 1008
1627 1627
1628 65
1629 163
1629 224
1629 921
1629 982
1629 1392
1629 1531
1629 1566
1629 1730
1630 1630
1631 904
1632 277
1632 321
1632 702
1632 821
1632 860
1632 1069
1632 1111
1632 1642
1632 1650
1632 1686
1632 1741
1632 1742
1633 221
1633 530
1633 793
1633 898
1634 15
1634 219
1634 1629
1635 84
1635 1685
1636 124
1636 737
1636 1136
1636 1649
1638 1638
1639 418
1639 670
1639 712
1640 1640
1641 1031
1641 1586
1642 11
1642 18
1642 78
1642 80
1642 86
1642 88
1642 108
1642 119
1642 124
1642 132
1642 148
1642 154
1642 236
1642 318
1642 329
1642 341
1642 367
1642 371
1642 410
1642 418
1642 456
1642 470
1642 483
1642 541
1642 566
1642 583
1642 597
1642 600
1642 642
1642 678
1642 700
1642 708
1642 712
1642 771
1642 808
1642 882
1642 915
1642 943
1642 971
1642 1024
1642 1073
1642 1119
1642 1159
1642 1165
1642 1200
1642 1217
1642 1240
1642 1307
1642 1315
1642 1366
1642 1397
1642 1511
1642 1512
1642 1515
1642 1517
1642 1572
1642 1602
1642 1626
1642 1684
1642 1686
1642 1727
1643 1643
1644 591
1645 1645
1646 176
1646 869
1647 471
1647 712
1647 1121
1647 1623
1648 712
1648 1030
1648 1153
1648 1642
1649 550
1650 23
1650 65
1650 135
1650 209
1650 237
1650 239
1650 351
1650 485
1650 532
1650 631
1650 1039
1650 1063
1650 1094
1650 1164
1650 1329
1650 1428
1650 1460
1650 1495
1650 1541
1650 1623
1650 1642
1650 1709
1651 100
1651 184
1651 279
1651 488
1651 1014
1651 1072
1651 1678
1652 87
1652 1128
1653 146
1653 355
1653 366
1653 471
1653 585
1653 604
1653 726
1653 1733
1654 198
1654 367
1654 1143
1654 1287
1654 1597
1654 1699
1655 254
1655 607
1655 987
1655 1521
1656 1656
1657 89
1657 429
1657 755
1657 1136
1657 1196
1657 1219
1657 1257
1658 86
1658 585
1658 729
1659 579
1660 173
1660 559
1660 1117
1661 458
1663 66
1663 70
1663 135
1663 341
1663 363
1663 389
1663 597
1663 723
1663 943
1663 1143
1663 1211
1663 1423
1663 1547
1663 1667
1663 1669
1664 1664
1665 564
1665 1415
1665 1565
1665 1701
1666 109
1666 416
1666 468
1666 474
1666 659
1666 895
1666 1195
1666 1741
1666 1745
1667 881
1667 910
1667 953
1668 565
1668 1740
1669 143
1669 345
1669 351
1669 546
1669 563
1669 565
1669 598
1669 607
1669 632
1669 688
1669 694
1669 755
1669 869
1669 898
1669 982
1669 1069
1669 1117
1669 1160
1669 1372
1669 1379
1669 1426
1669 1464
1669 1502
1669 1518
1669 1671
1669 1672
1669 1695
1669 1705
1669 1731
1669 1759
1670 151
1670 909
1670 1381
1671 510
1672 367
1672 387
1672 1023
1672 1219
1672 1311
1672 1444
1672 1708
1673 70
1673 209
1673 275
1673 295
1673 305
1673 317
1673 333
1673 419
1673 433
1673 516
1673 542
1673 641
1673 674
1673 816
1673 858
1673 1029
1673 1038
1673 1042
1673 1118
1673 1126
1673 1143
1673 1209
1673 1305
1673 1372
1673 1418
1673 1655
1674 427
1674 492
1674 563
1674 579
1674 586
1674 666
1674 712
1674 752
1674 755
1674 838
1674 1505
1674 1547
1674 1552
1674 1718
1676 1301
1676 1648
1677 1677
1678 1030
1678 1206
1678 1365
1678 1527
1679 1421
1679 1746
1680 286
1680 1322
1682 481
1682 585
1682 1159
1683 403
1683 1085
1683 1117
1685 10
1685 490
1685 731
1685 983
1686 13
1686 70
1686 324
1686 444
1686 540
1686 574
1686 597
1686 663
1686 712
1686 766
1686 793
1686 1053
1686 1105
1686 1221
1686 1380
1686 1477
1686 1485
1686 1632
1686 1663
1686 1734
1686 1737
1687 471
1687 609
1687 960
1687 1454
1687 1741
1688 34
1688 692
1688 786
1688 898
1688 1377
1688 1602
1689 146
1689 182
1689 325
1689 500
1689 574
1689 587
1689 1030
1689 1138
1689 1267
1689 1303
1690 907
1690 986
1691 1480
1692 778
1692 1365
1692 1493
1692 1545
1693 1693
1694 549
1694 852
1694 1261
1695 171
1695 367
1695 481
1695 579
1695 870
1695 890
1695 966
1695 1239
1696 282
1696 341
1697 184
1698 167
1699 1085
1700 236
1700 387
1700 531
1700 540
1700 1039
1701 308
1701 836
1701 1111
1701 1179
1701 1198
1701 1287
1703 1703
1704 333
1704 619
1704 712
1704 1495
1704 1682
1705 601
1705 722
1705 729
1705 1086
1705 1669
1705 1712
1706 66
1706 272
1707 666
1707 750
1707 1105
1707 1144
1707 1365
1708 382
1708 406
1708 460
1708 474
1708 492
1708 514
1708 787
1708 803
1708 816
1708 1150
1708 1451
1708 1672
1709 75
1709 357
1709 821
1709 1650
1710 341
1710 531
1711 1711
1712 143
1712 186
1712 516
1712 542
1712 717
1712 793
1712 1247
1712 1705
1713 104
1713 919
1713 1179
1714 433
1714 870
1715 1715
1716 24
1716 294
1716 616
1716 1546
1717 143
1717 563
1718 610
1718 923
1719 674
1719 788
1719 1000
1719 1314
1721 391
1721 722
1721 741
1721 921
1721 958
1721 1023
1722 321
1723 36
1723 342
1723 511
1723 616
1723 1117
1723 1708
1724 429
1725 167
1725 659
1727 722
1727 1028
1727 1218
1727 1541
1727 1642
1728 336
1728 1087
1728 1129
1729 1081
1729 1117
1729 1564
1730 107
1730 272
1730 510
1730 574
1730 948
1730 973
1730 1288
1730 1432
1730 1602
1731 55
1731 267
1731 367
1731 410
1731 463
1731 541
1731 565
1731 628
1731 640
1731 882
1731 969
1731 1008
1731 1026
1731 1029
1731 1143
1731 1153
1731 1312
1731 1406
1731 1461
1731 1525
1731 1654
1731 1686
1732 70
1732 898
1732 1010
1732 1159
1732 1648
1733 717
1733 1766
1734 115
1734 535
1734 694
1734 942
1734 1028
1734 1092
1734 1105
1734 1138
1734 1501
1734 1737
1735 1735
1736 924
1737 324
1737 597
1737 766
1737 916
1737 1071
1737 1105
1737 1219
1737 1231
1737 1287
1737 1371
1737 1377
1737 1610
1737 1682
1737 1734
1738 1738
1739 1339
1740 197
1740 409
1740 450
1740 585
1740 1461
1740 1642
1740 1673
1741 835
1741 1673
1741 1719
1743 346
1743 393
1743 396
1743 481
1743 485
1743 489
1743 492
1743 838
1743 973
1743 1129
1743 1241
1743 1267
1743 1377
1743 1395
1743 1482
1743 1506
1743 1589
1743 1673
1744 1063
1745 410
1745 664
1745 921
1745 1147
1745 1219
1746 45
1746 1546
1747 925
1748 72
1749 1023
1749 1633
1750 333
1750 1436
1752 1429
1753 1753
1754 1754
1755 1189
1756 1756
1757 219
1757 492
1757 609
1757 638
1757 694
1757 1365
1758 1758
1759 94
1759 1669
1760 1760
1761 1761
1762 1762
1763 450
1763 1128
1763 1129
1764 492
1764 547
1764 741
1764 766
1764 1055
1765 561
1765 599
1766 277
1766 394
1766 1219
