0 1724
1 436
2 773
3 1623
4 736
5 1682
6 374
7 519
8 1183
9 346
10 139
11 933
12 926
13 1679
14 797
15 1440
16 868
17 755
18 930
19 1705
20 156
21 1502
22 914
23 337
24 1570
25 741
26 1285
27 339
28 40
29 997
30 988
31 667
32 482
33 869
34 141
35 492
36 594
37 826
38 1372
39 1489
40 953
41 1327
42 630
43 776
44 969
45 758
46 675
47 748
48 59
49 282
50 487
51 862
52 331
53 380
54 1142
55 1532
56 316
57 546
58 1188
59 491
60 1242
61 1753
62 1352
63 1504
64 1654
65 287
66 302
67 1102
68 1578
69 1479
70 96
71 897
72 323
73 610
74 978
75 1021
76 832
77 1759
78 1247
79 353
80 1106
81 54
82 1230
83 771
84 93
85 1185
86 967
87 1140
88 954
89 911
90 1409
91 1444
92 1345
93 769
94 270
95 1005
96 1326
97 1435
98 931
99 435
100 1760
101 717
102 1702
103 1539
104 321
105 828
106 1469
107 288
108 242
109 1354
110 143
111 10
112 639
113 319
114 1491
115 27
116 1758
117 1708
118 924
119 697
120 1355
121 955
122 15
123 1024
124 873
125 632
126 1528
127 774
128 129
129 1376
130 770
131 1581
132 1212
133 50
134 708
135 290
136 1667
137 1311
138 1399
139 1105
140 583
141 1646
142 1022
143 1131
144 1587
145 1485
146 1501
147 1543
148 670
149 474
150 1591
151 1375
152 685
153 1426
154 799
155 1238
156 228
157 874
158 504
159 661
160 733
161 1154
162 906
163 367
164 1234
165 881
166 531
167 542
168 560
169 739
170 1476
171 567
172 1374
173 1710
174 1663
175 1284
176 1698
177 1636
178 1125
179 1609
180 470
181 566
182 276
183 358
184 900
185 498
186 303
187 1695
188 439
189 1548
190 1632
191 1184
192 872
193 451
194 1262
195 796
196 362
197 1569
198 511
199 1527
200 885
201 637
202 62
203 1173
204 1384
205 1400
206 1378
207 175
208 1573
209 1514
210 420
211 1736
212 1555
213 1674
214 643
215 544
216 457
217 1264
218 655
219 1640
220 304
221 1370
222 85
223 950
224 406
225 852
226 660
227 123
228 691
229 754
230 1546
231 177
232 1298
233 540
234 725
235 305
236 226
237 74
238 119
239 1709
240 1251
241 349
242 891
243 61
244 1403
245 137
246 433
247 904
248 407
249 1554
250 996
251 325
252 1293
253 383
254 299
255 1382
256 1313
257 1486
258 221
259 176
260 1631
261 252
262 737
263 134
264 1170
265 370
266 1261
267 1358
268 1041
269 523
270 532
271 706
272 138
273 811
274 271
275 570
276 821
277 1357
278 505
279 329
280 879
281 898
282 1568
283 604
284 164
285 360
286 642
287 1447
288 1732
289 892
290 274
291 1243
292 847
293 895
294 1635
295 1762
296 537
297 1283
298 1510
299 1386
300 94
301 1187
302 437
303 552
304 1001
305 1206
306 555
307 836
308 1028
309 1061
310 83
311 1324
312 469
313 1049
314 1599
315 6
316 1749
317 1657
318 1255
319 112
320 202
321 227
322 1305
323 1128
324 848
325 1299
326 239
327 1168
328 359
329 694
330 791
331 1144
332 11
333 1420
334 1186
335 249
336 1360
337 1139
338 896
339 1499
340 341
341 1677
342 1239
343 126
344 622
345 1701
346 1377
347 1538
348 501
349 1026
350 43
351 195
352 790
353 1292
354 849
355 1680
356 865
357 1492
358 1726
359 1739
360 1650
361 1614
362 1525
363 557
364 1087
365 1155
366 590
367 1675
368 629
369 812
370 534
371 1279
372 1523
373 1256
374 1582
375 145
376 23
377 703
378 1058
379 1231
380 183
381 1349
382 215
383 1056
384 824
385 1207
386 1715
387 1561
388 1562
389 1560
390 618
391 843
392 550
393 844
394 405
395 980
396 247
397 36
398 1218
399 243
400 72
401 1046
402 231
403 326
404 507
405 1406
406 1013
407 336
408 289
409 99
410 422
411 986
412 617
413 1624
414 1410
415 565
416 795
417 1250
418 189
419 890
420 676
421 56
422 1507
423 1192
424 750
425 607
426 1366
427 669
428 1494
429 186
430 1113
431 1371
432 1611
433 392
434 35
435 815
436 612
437 147
438 1148
439 921
440 497
441 1009
442 778
443 735
444 41
445 116
446 1042
447 167
448 1567
449 693
450 548
451 1117
452 217
453 1195
454 13
455 901
456 44
457 382
458 608
459 1429
460 14
461 77
462 541
463 445
464 581
465 830
466 877
467 589
468 867
469 58
470 646
471 257
472 1421
473 653
474 160
475 814
476 1449
477 1241
478 1073
479 1669
480 277
481 1500
482 759
483 964
484 772
485 1552
486 614
487 376
488 30
489 690
490 1300
491 191
492 870
493 1020
494 234
495 558
496 1263
497 976
498 981
499 1633
500 1301
501 854
502 1037
503 444
504 1030
505 1572
506 90
507 241
508 480
509 1604
510 984
511 1746
512 211
513 1395
514 1369
515 45
516 883
517 1014
518 60
519 438
520 784
521 1547
522 1233
523 875
524 1232
525 586
526 101
527 1136
528 1070
529 414
530 1126
531 1457
532 1344
533 1179
534 181
535 1441
536 1565
537 573
538 1626
539 746
540 944
541 1474
542 1130
543 102
544 657
545 1162
546 472
547 659
548 645
549 1488
550 842
551 700
552 232
553 103
554 743
555 738
556 652
557 201
558 92
559 1093
560 1564
561 1198
562 1734
563 220
564 598
565 1115
566 1294
567 1468
568 1302
569 1045
570 19
571 171
572 8
573 244
574 403
575 251
576 1470
577 1634
578 218
579 1643
580 1383
581 786
582 298
583 863
584 591
585 689
586 801
587 1637
588 923
589 696
590 1089
591 65
592 571
593 1550
594 285
595 297
596 1002
597 7
598 477
599 845
600 880
601 1563
602 404
603 1196
604 1533
605 1275
606 654
607 518
608 467
609 709
610 1756
611 1607
612 266
613 1683
614 1537
615 606
616 1286
617 1228
618 922
619 57
620 794
621 246
622 279
623 1512
624 1151
625 1666
626 1639
627 1282
628 386
629 122
630 396
631 695
632 1011
633 1516
634 1463
635 1365
636 1163
637 259
638 1337
639 679
640 275
641 1315
642 596
643 702
644 293
645 813
646 55
647 1462
648 471
649 665
650 250
651 1008
652 398
653 1110
654 624
655 1053
656 1088
657 1268
658 1182
659 1484
660 549
661 157
662 744
663 554
664 464
665 442
666 1541
667 127
668 1137
669 1180
670 1153
671 430
672 1033
673 264
674 1689
675 577
676 1178
677 324
678 154
679 562
680 450
681 284
682 173
683 747
684 53
685 1513
686 1653
687 1038
688 425
689 281
690 841
691 1407
692 1583
693 1691
694 1763
695 641
696 1258
697 559
698 635
699 49
700 412
701 1522
702 235
703 75
704 982
705 525
706 1121
707 364
708 745
709 89
710 1100
711 829
712 615
713 1615
714 909
715 18
716 330
717 1012
718 229
719 368
720 1670
721 516
722 871
723 726
724 1149
725 456
726 365
727 1437
728 1536
729 1084
730 320
731 1197
732 998
733 889
734 458
735 1191
736 1219
737 283
738 1119
739 1057
740 723
741 1063
742 1655
743 1254
744 165
745 1052
746 1764
747 521
748 714
749 991
750 1658
751 207
752 1003
753 133
754 1721
755 159
756 69
757 975
758 408
759 1622
760 983
761 172
762 766
763 64
764 579
765 1216
766 957
767 394
768 878
769 340
770 1730
771 1396
772 822
773 432
774 144
775 1221
776 466
777 1112
778 1545
779 1201
780 486
781 429
782 1240
783 163
784 1297
785 1204
786 1000
787 712
788 385
789 197
790 1389
791 1678
792 1078
793 522
794 209
795 1716
796 789
797 1699
798 272
799 1761
800 903
801 1048
802 1338
803 68
804 1697
805 1006
806 551
807 1252
808 1436
809 1433
810 1616
811 605
812 1205
813 1209
814 561
815 587
816 182
817 905
818 1460
819 1032
820 1628
821 674
822 1177
823 1090
824 805
825 600
826 1398
827 1422
828 1379
829 1274
830 222
831 1517
832 838
833 1544
834 1116
835 153
836 391
837 1174
838 742
839 105
840 1086
841 310
842 1160
843 216
844 1612
845 1391
846 699
847 1175
848 1585
849 1443
850 223
851 371
852 929
853 780
854 1082
855 261
856 683
857 1351
858 1328
859 12
860 1226
861 260
862 484
863 66
864 1530
865 1608
866 42
867 1431
868 237
869 1343
870 985
871 265
872 1385
873 788
874 225
875 628
876 372
877 1387
878 1081
879 1518
880 995
881 322
882 338
883 1288
884 1590
885 455
886 1411
887 856
888 1574
889 1472
890 1150
891 483
892 205
893 1215
894 187
895 876
896 4
897 1450
898 728
899 17
900 150
901 255
902 1571
903 475
904 1693
905 278
906 839
907 1393
908 768
909 1521
910 1751
911 366
912 1442
913 198
914 1065
915 1134
916 1307
917 1445
918 1306
919 775
920 1529
921 308
922 1688
923 268
924 1146
925 1493
926 440
927 1471
928 1322
929 1235
930 1062
931 188
932 117
933 1099
934 240
935 1415
936 1071
937 1404
938 1244
939 1027
940 1495
941 1601
942 104
943 1091
944 1750
945 443
946 1752
947 130
948 190
949 155
950 286
951 453
952 1706
953 1339
954 121
955 1122
956 434
957 1757
958 47
959 761
960 46
961 899
962 793
963 1645
964 1425
965 1
966 1712
967 413
968 1556
969 752
970 866
971 684
972 687
973 1159
974 513
975 113
976 946
977 553
978 1249
979 1039
980 1329
981 499
982 760
983 613
984 802
985 572
986 1482
987 111
988 166
989 819
990 1737
991 1731
992 20
993 1465
994 718
995 1158
996 677
997 1356
998 107
999 1619
1000 1017
1001 459
1002 509
1003 730
1004 636
1005 1464
1006 1237
1007 1687
1008 214
1009 804
1010 1439
1011 37
1012 764
1013 1095
1014 941
1015 1181
1016 835
1017 916
1018 495
1019 1401
1020 831
1021 494
1022 673
1023 1325
1024 1394
1025 1656
1026 312
1027 1575
1028 668
1029 1172
1030 1458
1031 920
1032 348
1033 956
1034 345
1035 1428
1036 810
1037 716
1038 377
1039 213
1040 1055
1041 860
1042 1735
1043 373
1044 925
1045 212
1046 962
1047 296
1048 1673
1049 650
1050 158
1051 1519
1052 640
1053 994
1054 625
1055 384
1056 401
1057 907
1058 1023
1059 262
1060 1199
1061 1424
1062 1498
1063 626
1064 977
1065 584
1066 1272
1067 1335
1068 1755
1069 500
1070 1671
1071 1010
1072 26
1073 631
1074 82
1075 1452
1076 582
1077 662
1078 1744
1079 344
1080 309
1081 649
1082 803
1083 535
1084 356
1085 1520
1086 846
1087 968
1088 1047
1089 724
1090 1277
1091 1434
1092 1029
1093 1727
1094 1064
1095 291
1096 990
1097 184
1098 908
1099 1459
1100 318
1101 179
1102 1684
1103 1707
1104 67
1105 1595
1106 1540
1107 1665
1108 1364
1109 514
1110 1686
1111 1477
1112 170
1113 671
1114 644
1115 859
1116 48
1117 809
1118 334
1119 1717
1120 517
1121 1129
1122 858
1123 512
1124 292
1125 545
1126 1600
1127 1273
1128 388
1129 1733
1130 609
1131 199
1132 966
1133 1363
1134 1722
1135 206
1136 1362
1137 1336
1138 864
1139 162
1140 1661
1141 992
1142 783
1143 465
1144 1455
1145 979
1146 1035
1147 454
1148 22
1149 533
1150 1418
1151 857
1152 1347
1153 972
1154 834
1155 1596
1156 1015
1157 620
1158 973
1159 140
1160 224
1161 1156
1162 79
1163 301
1164 1606
1165 1075
1166 1361
1167 619
1168 387
1169 1269
1170 808
1171 1296
1172 110
1173 1194
1174 490
1175 884
1176 785
1177 1189
1178 84
1179 481
1180 538
1181 688
1182 1742
1183 1647
1184 574
1185 508
1186 100
1187 1503
1188 1719
1189 375
1190 934
1191 827
1192 86
1193 136
1194 720
1195 974
1196 948
1197 52
1198 248
1199 851
1200 527
1201 1353
1202 1214
1203 781
1204 1190
1205 1289
1206 633
1207 1490
1208 1597
1209 1224
1210 861
1211 1461
1212 1225
1213 970
1214 1308
1215 1304
1216 621
1217 1074
1218 128
1219 1627
1220 1613
1221 488
1222 152
1223 749
1224 1747
1225 1098
1226 1236
1227 1036
1228 987
1229 230
1230 1419
1231 1367
1232 807
1233 1430
1234 1483
1235 623
1236 29
1237 729
1238 114
1239 938
1240 1642
1241 409
1242 887
1243 1321
1244 1069
1245 515
1246 1323
1247 1584
1248 965
1249 1566
1250 1133
1251 1549
1252 1278
1253 1603
1254 5
1255 1765
1256 1427
1257 1330
1258 452
1259 1124
1260 1408
1261 1664
1262 1466
1263 1380
1264 1704
1265 1417
1266 178
1267 151
1268 942
1269 1685
1270 971
1271 1220
1272 400
1273 332
1274 1720
1275 1019
1276 87
1277 1397
1278 25
1279 732
1280 1101
1281 927
1282 1077
1283 142
1284 81
1285 503
1286 526
1287 0
1288 1738
1289 1132
1290 351
1291 1066
1292 1700
1293 634
1294 1034
1295 536
1296 258
1297 357
1298 1340
1299 663
1300 1551
1301 1287
1302 1165
1303 476
1304 132
1305 208
1306 16
1307 1260
1308 1166
1309 1145
1310 1594
1311 823
1312 1390
1313 28
1314 595
1315 1577
1316 1531
1317 1638
1318 294
1319 1222
1320 428
1321 1592
1322 1114
1323 1534
1324 1473
1325 1711
1326 855
1327 424
1328 910
1329 192
1330 1223
1331 575
1332 393
1333 1453
1334 787
1335 378
1336 352
1337 479
1338 932
1339 1246
1340 267
1341 402
1342 146
1343 530
1344 1200
1345 1097
1346 1496
1347 853
1348 825
1349 1281
1350 1332
1351 381
1352 1152
1353 1644
1354 1506
1355 1320
1356 1662
1357 952
1358 254
1359 1576
1360 80
1361 1257
1362 33
1363 38
1364 88
1365 1745
1366 817
1367 106
1368 1068
1369 1031
1370 939
1371 1690
1372 1025
1373 1211
1374 1676
1375 951
1376 568
1377 1602
1378 328
1379 1248
1380 263
1381 1625
1382 1050
1383 1271
1384 441
1385 1290
1386 1103
1387 397
1388 449
1389 91
1390 1276
1391 193
1392 1167
1393 1725
1394 1018
1395 707
1396 886
1397 245
1398 1161
1399 1107
1400 1559
1401 1118
1402 1060
1403 1193
1404 902
1405 837
1406 63
1407 118
1408 355
1409 1334
1410 256
1411 390
1412 563
1413 1446
1414 1588
1415 379
1416 1511
1417 1480
1418 269
1419 1171
1420 603
1421 710
1422 1508
1423 421
1424 1092
1425 1229
1426 1085
1427 350
1428 1076
1429 1605
1430 543
1431 528
1432 1016
1433 1438
1434 32
1435 1414
1436 658
1437 307
1438 762
1439 765
1440 1346
1441 314
1442 342
1443 347
1444 1079
1445 461
1446 95
1447 1412
1448 1109
1449 1004
1450 311
1451 820
1452 431
1453 1104
1454 1694
1455 1467
1456 1617
1457 1245
1458 446
1459 327
1460 1766
1461 168
1462 120
1463 1331
1464 3
1465 638
1466 273
1467 1535
1468 21
1469 1317
1470 1054
1471 678
1472 315
1473 335
1474 363
1475 135
1476 664
1477 1509
1478 529
1479 71
1480 917
1481 1303
1482 1312
1483 692
1484 253
1485 300
1486 1456
1487 506
1488 361
1489 722
1490 462
1491 1741
1492 1630
1493 1593
1494 1080
1495 1203
1496 1138
1497 1423
1498 833
1499 1402
1500 78
1501 959
1502 1044
1503 489
1504 1157
1505 1373
1506 496
1507 989
1508 1718
1509 1359
1510 313
1511 410
1512 701
1513 850
1514 524
1515 98
1516 109
1517 1208
1518 1621
1519 1280
1520 51
1521 888
1522 894
1523 1728
1524 1164
1525 601
1526 656
1527 1478
1528 806
1529 651
1530 913
1531 131
1532 473
1533 711
1534 317
1535 1553
1536 1648
1537 1610
1538 1713
1539 756
1540 233
1541 599
1542 961
1543 478
1544 1454
1545 727
1546 1007
1547 219
1548 893
1549 97
1550 569
1551 238
1552 416
1553 782
1554 882
1555 740
1556 757
1557 1651
1558 1672
1559 9
1560 588
1561 1309
1562 943
1563 818
1564 194
1565 1270
1566 174
1567 539
1568 1388
1569 203
1570 415
1571 958
1572 1505
1573 1660
1574 1723
1575 34
1576 149
1577 1316
1578 999
1579 280
1580 1341
1581 681
1582 616
1583 1652
1584 1497
1585 1147
1586 816
1587 419
1588 1040
1589 1094
1590 1120
1591 124
1592 960
1593 1210
1594 485
1595 1629
1596 751
1597 115
1598 705
1599 915
1600 460
1601 1416
1602 148
1603 1451
1604 1291
1605 753
1606 919
1607 627
1608 1432
1609 935
1610 210
1611 1259
1612 1487
1613 585
1614 602
1615 125
1616 295
1617 564
1618 1202
1619 1368
1620 31
1621 1067
1622 1043
1623 947
1624 1083
1625 1620
1626 647
1627 779
1628 840
1629 196
1630 1649
1631 161
1632 1557
1633 1586
1634 423
1635 1059
1636 1350
1637 236
1638 1310
1639 1227
1640 1143
1641 369
1642 1295
1643 1319
1644 1740
1645 698
1646 1681
1647 719
1648 763
1649 767
1650 672
1651 1589
1652 1096
1653 1515
1654 792
1655 76
1656 1641
1657 395
1658 1579
1659 715
1660 1392
1661 1542
1662 949
1663 556
1664 1348
1665 1072
1666 418
1667 1748
1668 1266
1669 1381
1670 580
1671 731
1672 721
1673 1743
1674 1213
1675 686
1676 1696
1677 1558
1678 1448
1679 39
1680 798
1681 1405
1682 1714
1683 937
1684 1475
1685 680
1686 73
1687 777
1688 1580
1689 399
1690 200
1691 180
1692 1267
1693 463
1694 502
1695 1526
1696 592
1697 1123
1698 800
1699 1314
1700 1169
1701 417
1702 306
1703 333
1704 611
1705 1729
1706 593
1707 468
1708 1265
1709 426
1710 389
1711 1481
1712 169
1713 24
1714 597
1715 1141
1716 185
1717 1342
1718 1618
1719 682
1720 1598
1721 576
1722 447
1723 70
1724 578
1725 1703
1726 343
1727 734
1728 2
1729 1318
1730 493
1731 1127
1732 1333
1733 993
1734 1051
1735 547
1736 108
1737 963
1738 354
1739 448
1740 936
1741 912
1742 1135
1743 928
1744 1692
1745 520
1746 918
1747 713
1748 1253
1749 1217
1750 1176
1751 704
1752 411
1753 1754
1754 666
1755 1524
1756 648
1757 204
1758 1668
1759 1111
1760 1413
1761 510
1762 427
1763 1659
1764 1108
1765 945
1766 940
