0 544
0 894
0 984
0 1018
0 1163
0 1335
1 1184
1 1479
2 2
3 290
3 754
3 755
3 1088
4 216
4 241
4 456
4 1320
4 1404
4 1455
4 1539
4 1700
5 276
5 1089
5 1116
5 1320
6 1653
7 264
7 904
8 16
8 160
8 1081
8 1201
9 9
10 86
10 678
11 464
11 1377
12 637
12 864
12 1465
12 1570
12 1735
13 1446
14 654
15 10
15 283
15 632
16 370
16 590
16 1022
16 1081
16 1105
17 565
17 760
17 1268
17 1370
18 893
18 1049
18 1069
18 1125
18 1195
18 1324
18 1671
18 1715
19 47
19 67
19 201
19 431
19 456
19 629
19 651
19 655
19 1026
19 1088
19 1153
19 1280
19 1320
19 1324
20 1753
21 21
22 402
22 890
23 1574
24 24
25 25
26 549
26 819
26 828
26 1028
26 1058
26 1113
26 1184
26 1520
26 1619
26 1737
27 830
27 1201
27 1397
27 1704
28 964
29 994
29 1018
29 1683
30 63
30 235
30 370
30 414
30 545
30 558
30 864
30 1204
30 1249
30 1385
30 1468
30 1574
30 1656
30 1676
30 1732
31 31
32 1004
32 1612
33 201
33 480
33 495
33 558
33 849
33 1004
33 1219
33 1335
33 1465
33 1517
34 34
35 1007
36 36
37 341
37 407
37 456
37 1239
37 1577
38 344
38 503
39 39
40 373
40 558
40 571
40 1032
40 1173
40 1597
41 927
41 1612
42 101
43 155
43 195
43 230
43 462
43 529
43 590
43 701
43 927
43 1049
43 1084
43 1234
43 1304
43 1358
43 1484
43 1599
43 1604
44 548
44 1212
45 868
45 1569
46 243
46 1735
47 77
47 558
47 1027
47 1320
47 1757
48 622
48 654
48 1004
49 1601
50 258
50 1603
51 51
53 590
54 65
54 500
54 559
54 813
54 948
54 1164
54 1281
54 1315
54 1457
54 1464
54 1753
55 78
55 79
55 118
55 156
55 163
55 166
55 235
55 327
55 360
55 505
55 565
55 736
55 821
55 861
55 1021
55 1049
55 1056
55 1224
55 1263
55 1339
55 1365
55 1385
55 1453
55 1472
55 1707
56 1616
57 1472
58 166
58 266
58 558
58 923
58 986
58 1091
58 1106
58 1525
58 1612
59 590
59 895
59 973
59 1029
59 1196
59 1463
59 1484
59 1503
59 1512
59 1612
60 60
63 101
63 290
63 392
63 651
63 1163
63 1201
63 1574
63 1683
63 1753
64 144
64 864
64 1424
64 1594
65 505
65 569
65 581
65 659
66 617
66 1343
67 19
67 26
67 55
67 137
67 179
67 290
67 874
67 888
67 913
67 1121
67 1320
67 1356
67 1559
67 1676
68 163
68 558
68 562
68 819
68 1101
68 1423
69 967
69 1004
69 1106
69 1760
70 70
71 1446
71 1732
72 519
72 549
72 809
72 859
72 1282
72 1324
72 1559
73 73
75 152
75 375
75 538
75 967
75 1414
75 1676
76 76
77 46
77 392
77 1106
77 1140
77 1219
78 105
78 1019
78 1335
78 1339
78 1397
78 1612
78 1683
79 55
79 868
79 1704
80 1272
81 101
81 193
81 507
81 590
81 661
81 691
81 738
81 865
81 894
81 1638
81 1709
82 244
83 137
83 350
83 1683
84 101
84 134
84 290
84 357
84 612
84 892
84 1028
84 1237
84 1276
84 1716
85 392
85 849
85 888
85 1004
85 1397
85 1683
87 216
88 119
88 505
88 565
88 1028
89 144
89 201
89 208
89 234
89 335
89 348
89 482
89 500
89 600
89 772
89 819
89 981
89 1550
90 400
90 905
91 160
91 290
91 466
91 794
91 864
91 868
91 1430
92 89
92 111
92 118
92 171
92 256
92 278
92 437
92 544
92 577
92 665
92 710
92 1004
92 1237
92 1324
92 1393
92 1429
92 1708
92 1745
93 93
94 55
94 152
94 228
94 599
94 906
94 966
94 1281
94 1283
94 1401
94 1627
94 1704
94 1735
95 466
95 895
96 1569
97 929
97 1026
99 230
99 981
100 165
100 216
100 355
100 457
100 773
100 994
100 1064
100 1286
100 1508
100 1612
100 1737
101 91
101 142
101 145
101 155
101 193
101 266
101 285
101 321
101 334
101 340
101 367
101 386
101 388
101 445
101 505
101 553
101 558
101 559
101 581
101 583
101 586
101 587
101 599
101 630
101 634
101 691
101 699
101 708
101 720
101 723
101 830
101 834
101 871
101 875
101 889
101 905
101 917
101 964
101 982
101 1021
101 1026
101 1046
101 1063
101 1121
101 1126
101 1162
101 1193
101 1201
101 1215
101 1246
101 1305
101 1351
101 1385
101 1423
101 1428
101 1459
101 1468
101 1563
101 1650
101 1667
101 1700
101 1707
101 1709
101 1737
102 1024
102 1684
103 804
103 1380
104 81
104 181
104 227
104 228
104 240
104 358
104 421
104 495
104 549
104 754
104 794
104 893
104 927
104 1081
104 1216
104 1260
104 1308
104 1365
104 1394
104 1397
104 1441
104 1446
104 1484
104 1539
104 1683
104 1727
104 1752
105 78
105 382
106 754
106 1360
106 1528
107 291
107 650
107 1237
107 1529
107 1683
107 1763
108 108
109 524
109 606
109 850
111 92
111 118
111 136
111 146
111 199
111 201
111 230
111 437
111 533
111 549
111 558
111 673
111 689
111 768
111 829
111 885
111 904
111 927
111 1007
111 1031
111 1065
111 1081
111 1113
111 1207
111 1304
111 1565
111 1673
111 1683
111 1730
112 150
112 268
112 289
112 370
112 1247
114 300
114 513
114 1004
114 1026
114 1159
114 1709
115 115
116 1338
116 1360
117 326
118 81
118 95
118 166
118 223
118 291
118 298
118 348
118 437
118 462
118 544
118 590
118 600
118 636
118 696
118 717
118 819
118 860
118 870
118 946
118 967
118 1060
118 1205
118 1221
118 1337
118 1364
118 1395
118 1441
118 1484
118 1518
118 1709
119 171
119 216
119 372
119 432
119 531
119 634
119 728
119 781
119 804
119 821
119 825
119 862
119 1008
119 1034
119 1039
119 1045
119 1082
119 1144
119 1193
119 1324
119 1335
119 1337
119 1354
119 1385
119 1467
119 1484
119 1520
119 1574
119 1624
120 1457
122 874
123 358
123 443
123 458
123 690
123 1026
124 124
125 125
126 221
126 252
126 641
126 688
126 1289
126 1450
126 1500
126 1511
127 513
127 590
128 967
129 78
129 955
130 0
130 595
130 894
130 1484
132 558
132 795
134 156
134 737
134 1033
134 1386
134 1398
134 1521
134 1525
134 1687
134 1715
134 1751
135 317
136 45
136 47
136 245
136 249
136 291
136 365
136 612
136 638
136 645
136 691
136 755
136 794
136 834
136 974
136 1028
136 1064
136 1101
136 1424
136 1446
136 1500
136 1709
137 83
137 92
137 119
137 290
137 305
137 308
137 725
137 794
137 848
137 868
137 941
137 954
137 957
137 961
137 1011
137 1082
137 1236
137 1274
137 1356
137 1385
137 1548
137 1603
137 1713
138 481
138 791
138 807
138 1004
138 1607
139 431
139 1050
139 1581
140 201
140 227
140 228
140 380
140 443
140 565
140 587
140 606
140 986
140 990
140 1062
140 1232
140 1233
140 1430
140 1503
140 1530
140 1627
140 1737
141 141
142 101
142 102
142 308
143 397
144 64
144 223
144 407
144 474
144 544
144 1006
144 1041
144 1099
144 1263
144 1550
145 101
145 291
145 324
145 696
145 1064
145 1163
146 166
146 364
146 420
146 673
146 746
146 831
146 966
146 1150
146 1288
146 1294
146 1320
146 1336
146 1384
146 1397
146 1518
146 1597
146 1683
147 397
147 931
147 994
147 1737
148 148
149 149
150 112
150 1434
152 94
152 137
152 140
152 171
152 186
152 201
152 221
152 300
152 428
152 561
152 637
152 1281
152 1457
152 1520
153 745
153 892
153 965
153 1004
153 1057
153 1153
153 1225
153 1575
154 337
155 116
155 146
155 199
155 406
155 457
155 503
155 559
155 598
155 699
155 732
155 745
155 832
155 1033
155 1036
155 1154
155 1346
155 1397
155 1459
155 1464
155 1539
155 1612
155 1634
155 1664
156 137
156 344
156 406
156 456
156 631
156 1023
156 1280
156 1594
157 245
157 349
157 428
157 562
157 570
157 703
157 717
157 720
157 794
157 977
157 994
157 1061
157 1068
157 1163
157 1184
157 1257
157 1484
157 1594
157 1612
157 1683
158 101
158 179
158 274
158 308
158 535
158 1284
158 1419
159 1026
160 8
160 91
160 119
160 166
160 277
160 311
160 335
160 349
160 370
160 387
160 505
160 535
160 545
160 553
160 586
160 599
160 634
160 749
160 755
160 810
160 1027
160 1081
160 1091
160 1106
160 1201
160 1206
160 1215
160 1248
160 1330
160 1351
160 1380
160 1385
160 1402
160 1459
160 1550
160 1563
161 161
162 162
163 140
163 311
163 717
163 1237
163 1385
163 1464
163 1661
164 651
164 1173
165 100
165 392
165 590
165 651
165 885
165 922
165 1263
165 1305
165 1324
165 1397
165 1719
166 12
166 55
166 92
166 171
166 192
166 208
166 438
166 569
166 725
166 797
166 849
166 942
166 1081
166 1237
166 1275
166 1276
166 1324
166 1401
166 1529
166 1550
166 1574
166 1635
166 1661
166 1667
166 1756
167 43
167 71
167 193
167 201
167 244
167 1449
167 1603
168 1517
169 169
170 1746
171 54
171 92
171 136
171 152
171 166
171 221
171 243
171 298
171 299
171 385
171 590
171 717
171 927
171 957
171 978
171 1009
171 1357
171 1587
171 1760
172 983
172 1315
172 1627
172 1704
174 174
175 275
175 1026
175 1337
176 1042
177 1032
177 1251
177 1257
178 351
178 1004
178 1166
178 1365
179 3
179 330
179 545
179 546
179 571
179 664
179 790
179 893
179 896
179 1004
179 1237
179 1249
179 1411
179 1539
179 1559
179 1575
180 180
181 927
181 1760
182 349
182 645
183 118
183 953
183 1697
184 1760
185 185
186 981
186 988
186 1140
186 1184
186 1205
186 1219
186 1490
187 1219
188 129
188 774
188 1152
188 1355
188 1506
189 612
189 1004
189 1101
189 1167
190 316
190 381
190 795
190 986
191 4
191 392
191 954
191 1106
191 1424
191 1455
191 1749
192 92
192 160
192 166
192 209
192 220
192 298
192 603
192 726
192 727
192 868
192 1028
192 1034
192 1053
192 1154
192 1293
192 1339
192 1423
192 1450
192 1465
192 1548
192 1552
192 1597
192 1627
192 1719
192 1737
192 1753
192 1762
193 101
193 528
193 558
193 843
193 920
193 1027
193 1037
193 1236
193 1257
193 1274
193 1517
193 1574
193 1730
194 194
195 155
195 639
195 756
195 780
195 876
195 877
195 920
195 1234
195 1339
195 1358
195 1378
195 1575
196 196
197 230
197 678
197 1088
197 1304
197 1483
197 1760
198 673
199 140
199 569
199 762
199 825
199 1026
199 1159
199 1180
199 1320
199 1687
199 1709
200 200
201 58
201 89
201 137
201 140
201 152
201 171
201 192
201 240
201 244
201 275
201 349
201 355
201 387
201 412
201 437
201 444
201 529
201 532
201 544
201 665
201 676
201 691
201 710
201 717
201 727
201 756
201 868
201 924
201 942
201 951
201 953
201 983
201 994
201 1004
201 1021
201 1052
201 1062
201 1088
201 1184
201 1237
201 1275
201 1276
201 1305
201 1393
201 1457
201 1483
201 1550
201 1590
201 1594
201 1621
201 1731
201 1745
202 195
202 219
202 736
203 203
204 204
205 205
206 1397
208 78
208 92
208 201
208 230
208 506
208 554
208 1018
208 1189
208 1208
208 1531
208 1550
209 192
209 1007
209 1278
210 210
211 101
211 754
211 831
212 101
213 55
213 449
214 119
214 216
214 994
214 1099
215 215
216 100
216 155
216 334
216 358
216 508
216 535
216 679
216 822
216 825
216 1018
216 1034
216 1156
216 1260
216 1324
216 1327
216 1332
216 1365
216 1393
216 1441
216 1484
216 1503
216 1520
216 1530
216 1612
216 1619
216 1624
217 217
218 137
218 160
218 192
218 228
218 235
218 257
218 289
218 349
218 538
218 590
218 604
218 638
218 691
218 699
218 825
218 864
218 1276
218 1484
218 1574
218 1707
219 72
219 228
219 392
219 1612
219 1762
220 392
220 538
220 1682
221 152
221 321
221 841
221 988
221 1184
221 1275
221 1289
221 1682
222 302
222 400
222 407
222 618
222 801
222 927
222 1378
223 118
223 291
223 336
223 348
223 457
223 590
223 924
223 1041
223 1132
223 1139
223 1360
223 1401
223 1439
223 1520
223 1612
223 1678
224 1702
225 294
225 345
225 549
225 1156
225 1484
226 859
226 1021
227 104
227 230
227 456
227 508
227 656
227 834
227 854
227 1349
228 119
228 165
228 181
228 218
228 219
228 223
228 349
228 392
228 839
228 854
228 927
228 982
228 1068
228 1106
228 1163
228 1287
228 1320
228 1331
228 1397
228 1424
228 1530
228 1545
228 1561
228 1612
228 1683
229 1347
229 1684
230 99
230 107
230 111
230 136
230 197
230 199
230 201
230 246
230 289
230 349
230 357
230 515
230 534
230 542
230 598
230 661
230 664
230 675
230 691
230 706
230 772
230 834
230 861
230 875
230 990
230 1007
230 1014
230 1027
230 1101
230 1106
230 1134
230 1163
230 1237
230 1257
230 1339
230 1429
230 1473
230 1484
230 1517
230 1520
230 1683
230 1760
231 380
231 505
231 615
231 657
231 821
231 950
231 1069
231 1574
232 255
232 730
232 1191
233 160
233 660
233 735
233 1745
234 497
234 745
234 859
234 1036
234 1264
234 1325
235 55
235 160
235 218
235 641
235 717
235 917
235 967
235 989
235 1091
235 1124
235 1257
235 1274
235 1473
235 1574
236 236
237 209
237 568
237 836
237 864
238 266
238 641
238 691
238 1603
239 118
239 252
239 1365
240 126
240 533
240 1078
240 1315
240 1737
241 230
241 484
241 496
241 673
241 675
241 894
241 1331
241 1401
241 1463
241 1478
241 1615
241 1760
242 258
243 46
244 118
244 126
244 830
244 846
244 1060
244 1237
244 1292
244 1305
244 1587
245 101
245 136
245 157
245 171
245 258
245 397
245 590
245 720
245 830
245 859
245 1257
245 1520
245 1676
246 230
246 258
246 259
246 285
246 1189
246 1569
247 1308
247 1385
248 905
248 1686
249 136
249 534
249 558
249 776
249 1394
249 1594
249 1737
250 8
250 398
250 1004
250 1110
251 1386
252 75
252 126
252 275
252 688
252 1197
252 1203
252 1592
254 1464
255 967
255 1285
255 1398
256 40
256 152
256 967
256 1139
256 1248
256 1496
256 1594
256 1603
257 638
257 857
257 860
257 1276
257 1320
257 1510
257 1574
257 1657
258 50
258 111
258 197
258 246
258 260
258 265
258 290
258 496
258 836
258 885
258 888
258 899
258 1028
258 1061
258 1128
258 1281
258 1385
258 1460
258 1574
258 1731
259 679
259 735
259 1166
259 1248
259 1268
259 1315
259 1404
259 1520
259 1683
260 138
260 258
260 496
260 725
260 1095
260 1731
261 135
262 1414
263 10
263 65
263 104
263 199
263 374
263 492
263 569
263 931
263 1159
263 1733
263 1734
264 7
264 145
264 1139
264 1594
264 1731
264 1737
265 101
265 155
265 183
265 888
265 997
265 1234
265 1237
265 1419
265 1539
265 1584
265 1621
265 1684
265 1715
266 238
266 372
266 898
266 900
266 1344
266 1401
266 1517
266 1599
266 1719
266 1745
267 1519
268 841
268 973
269 436
269 1337
270 199
270 557
270 1020
270 1336
271 104
271 157
271 223
271 263
271 348
271 489
271 522
271 591
271 894
271 1251
271 1401
271 1484
271 1503
271 1619
271 1678
271 1761
272 272
273 374
273 544
274 222
274 223
274 374
274 1029
274 1166
274 1287
274 1360
274 1395
274 1401
274 1457
274 1484
274 1545
274 1694
274 1709
274 1737
275 42
275 146
275 175
275 201
275 274
275 325
275 336
275 380
275 436
275 550
275 607
275 640
275 644
275 667
275 675
275 841
275 868
275 871
275 975
275 994
275 1012
275 1184
275 1255
275 1268
275 1294
275 1308
275 1337
275 1360
275 1401
275 1472
275 1503
275 1587
275 1633
275 1682
275 1752
276 137
277 1574
278 1
278 26
278 144
278 157
278 252
278 321
278 375
278 397
278 491
278 675
278 708
278 836
278 888
278 1028
278 1058
278 1113
278 1401
278 1751
278 1760
279 138
279 598
279 1719
280 280
281 281
282 1421
283 621
283 1033
283 1464
284 772
285 152
285 246
285 1023
285 1365
286 1479
286 1543
287 375
287 451
287 868
287 1088
287 1276
287 1539
287 1683
289 142
289 291
289 348
289 457
289 476
289 622
289 717
289 871
289 888
289 1022
289 1424
289 1447
290 67
290 84
290 91
290 160
290 235
290 466
290 492
290 620
290 651
290 678
290 747
290 791
290 843
290 898
290 920
290 927
290 968
290 1044
290 1113
290 1160
290 1170
290 1184
290 1230
290 1283
290 1484
290 1518
290 1556
290 1610
290 1667
290 1683
290 1707
291 136
291 273
291 311
291 396
291 432
291 538
291 661
291 710
291 725
291 786
291 810
291 893
291 1018
291 1026
291 1181
291 1233
291 1401
291 1443
291 1469
291 1574
291 1590
291 1627
291 1638
291 1657
291 1760
292 30
292 1574
292 1642
293 1004
294 158
294 216
294 326
294 443
294 581
294 644
294 849
294 959
294 1017
294 1028
294 1246
294 1364
294 1452
294 1593
294 1594
294 1731
295 295
296 1004
298 118
298 136
298 192
298 355
298 1004
298 1066
298 1594
300 114
300 679
300 1010
300 1088
300 1351
300 1365
302 101
302 157
302 220
302 274
302 392
302 431
302 439
302 511
302 558
302 966
302 1004
302 1023
302 1184
302 1220
302 1360
302 1666
303 303
304 1087
305 137
306 306
307 802
308 65
308 165
308 221
308 230
308 241
308 312
308 465
308 515
308 581
308 630
308 819
308 966
308 1106
308 1173
308 1320
308 1375
308 1420
310 880
310 889
310 1399
310 1530
310 1612
311 163
311 218
311 903
311 1004
312 171
312 558
312 720
312 865
312 1304
312 1331
312 1401
312 1550
312 1709
313 1173
314 11
314 321
314 565
314 674
314 841
314 1336
314 1436
314 1441
314 1496
316 381
316 1142
317 363
317 859
318 318
319 752
319 1585
321 103
321 126
321 137
321 221
321 285
321 337
321 636
321 645
321 741
321 865
321 1082
321 1113
321 1126
321 1149
321 1324
321 1484
321 1503
321 1520
321 1760
322 1004
322 1683
323 201
323 567
323 984
323 1280
323 1479
324 78
324 348
324 530
324 1367
324 1398
325 66
325 1315
325 1320
325 1431
326 123
326 220
326 294
326 581
326 746
326 1097
326 1520
327 55
327 1055
328 1004
329 160
329 950
329 961
329 1365
329 1676
330 179
330 1445
331 178
331 1028
331 1275
331 1278
331 1496
331 1520
332 598
332 1221
333 333
334 216
334 771
334 1297
334 1503
334 1612
334 1678
335 15
335 97
335 156
335 207
335 360
335 437
335 443
335 456
335 524
335 590
335 689
335 707
335 781
335 843
335 850
335 924
335 1052
335 1074
335 1221
335 1233
335 1237
335 1312
335 1320
335 1414
335 1463
335 1492
335 1528
335 1574
335 1587
335 1611
335 1634
336 339
336 432
336 571
336 1028
336 1061
336 1372
336 1398
336 1615
337 769
337 990
337 1462
337 1604
337 1760
338 156
338 360
338 361
338 464
338 571
338 1168
338 1239
338 1284
338 1479
338 1495
338 1759
339 263
339 456
339 1419
339 1706
341 407
342 26
342 841
342 956
342 1324
342 1737
343 343
344 163
344 175
344 291
344 311
344 338
344 954
344 1033
344 1146
344 1150
344 1163
344 1233
344 1276
344 1377
344 1402
345 275
345 544
345 714
345 1315
345 1360
346 153
346 683
346 1365
347 558
347 1117
347 1464
348 33
348 274
348 321
348 335
348 345
348 355
348 358
348 364
348 371
348 392
348 443
348 488
348 489
348 501
348 538
348 544
348 633
348 714
348 756
348 868
348 994
348 1021
348 1041
348 1215
348 1248
348 1263
348 1324
348 1545
348 1573
348 1727
349 157
349 160
349 177
349 193
349 228
349 258
349 380
349 532
349 756
349 781
349 802
349 813
349 819
349 826
349 964
349 995
349 1065
349 1163
349 1398
349 1446
349 1518
349 1704
350 83
350 193
350 558
350 569
350 903
350 987
350 1209
350 1468
350 1704
350 1732
352 1113
353 54
353 186
353 828
353 901
353 1095
353 1106
353 1540
353 1736
354 354
355 111
355 291
355 729
355 870
355 1340
355 1398
355 1597
356 456
356 1470
357 101
357 173
357 321
357 457
357 966
357 1146
357 1233
357 1248
357 1385
358 104
358 201
358 228
358 271
358 274
358 348
358 349
358 482
358 613
358 812
358 895
358 900
358 931
358 1159
358 1308
358 1335
358 1401
358 1446
358 1612
358 1695
359 38
359 457
359 528
359 1036
359 1106
359 1191
359 1759
360 77
360 111
360 153
360 195
360 328
360 335
360 367
360 558
360 600
360 1320
360 1495
360 1621
360 1709
360 1730
361 669
361 728
361 795
361 1033
361 1315
362 736
362 1078
362 1695
362 1760
363 261
363 317
363 1157
364 101
364 335
364 456
364 569
364 859
364 966
364 1237
364 1320
364 1470
364 1496
364 1533
365 55
365 396
365 633
365 718
365 1066
365 1283
366 810
367 101
367 160
367 442
367 466
367 488
367 490
367 513
367 638
367 794
367 795
367 986
367 1004
367 1268
367 1372
367 1518
367 1523
367 1574
368 405
368 1173
368 1737
369 369
370 289
370 737
370 1343
370 1439
371 223
371 1519
371 1588
372 77
372 220
372 407
372 967
372 1112
372 1129
372 1621
373 40
373 735
374 263
374 533
374 756
374 804
374 1401
374 1690
375 104
375 500
375 571
375 736
375 1026
375 1032
375 1113
375 1401
375 1569
375 1730
376 376
377 377
378 378
379 558
379 852
379 1480
380 58
380 201
380 258
380 425
380 679
380 821
380 1054
380 1449
381 1532
382 754
382 770
383 230
384 590
385 1140
386 101
387 1380
388 1004
389 389
390 1156
390 1276
391 637
391 638
391 826
391 890
391 981
391 1106
391 1335
391 1730
392 26
392 81
392 85
392 92
392 195
392 259
392 285
392 436
392 484
392 515
392 532
392 566
392 644
392 703
392 736
392 746
392 748
392 825
392 1078
392 1163
392 1185
392 1237
392 1283
392 1344
392 1365
392 1386
392 1397
392 1401
392 1464
392 1593
392 1706
392 1709
392 1715
393 5
393 235
393 1414
393 1547
394 868
395 395
396 365
396 990
397 126
397 143
397 147
397 278
397 466
397 570
397 988
397 1136
397 1170
397 1396
397 1427
397 1548
397 1654
397 1732
398 131
398 179
398 409
398 1173
399 399
400 90
400 222
401 104
401 720
401 1106
401 1248
401 1320
403 307
403 490
403 612
403 1004
403 1520
404 741
404 775
404 1315
405 3
405 131
405 368
405 1262
406 155
406 571
406 859
406 1106
406 1239
406 1292
406 1320
406 1356
406 1445
406 1531
406 1709
407 119
407 216
407 358
407 372
407 392
407 558
407 606
407 613
407 756
407 931
407 986
407 1383
407 1401
407 1423
407 1450
407 1484
407 1503
407 1683
407 1752
408 1379
409 317
409 1008
409 1201
409 1408
409 1435
410 410
411 411
412 1004
414 30
415 415
417 417
418 418
419 419
420 33
420 146
420 655
420 673
420 1731
421 494
421 1229
422 1305
422 1569
423 423
424 717
424 1246
424 1534
424 1731
425 262
425 505
425 529
426 426
427 427
428 641
428 1026
428 1427
429 275
429 1150
429 1184
429 1320
430 1347
430 1686
431 155
431 302
431 991
431 1354
431 1374
431 1581
431 1738
432 230
432 336
432 364
432 669
432 819
432 859
432 1066
432 1173
432 1248
432 1254
432 1320
432 1365
432 1594
433 55
433 374
433 640
434 86
434 264
434 456
434 961
434 1429
436 37
436 372
436 392
436 544
436 720
436 736
436 885
436 931
436 1412
436 1577
437 92
437 111
437 201
437 278
437 819
437 930
437 1597
438 1597
440 851
440 1533
441 441
442 1304
442 1587
443 100
443 223
443 252
443 275
443 294
443 348
443 358
443 407
443 458
443 701
443 766
443 841
443 1023
443 1078
443 1089
443 1337
443 1612
444 505
444 717
444 1163
444 1275
444 1360
445 531
445 942
445 1479
446 308
446 385
446 558
446 1320
447 447
448 448
449 213
449 407
449 813
449 1386
451 1496
452 1138
453 735
453 868
454 1004
454 1158
455 1648
456 37
456 233
456 335
456 484
456 675
456 761
456 780
456 825
456 994
456 1470
456 1520
456 1556
456 1687
456 1762
457 38
457 100
457 158
457 223
457 344
457 359
457 479
457 612
457 735
457 737
457 834
457 865
457 959
457 994
457 1007
457 1063
457 1064
457 1081
457 1128
457 1237
457 1315
457 1357
457 1360
457 1365
457 1457
457 1473
457 1578
457 1588
457 1595
457 1656
457 1679
457 1731
458 123
458 291
458 534
458 819
458 1064
458 1415
458 1463
458 1530
459 459
460 460
461 1128
461 1396
463 463
464 470
464 745
464 875
465 1760
466 397
466 555
466 673
466 794
466 1201
466 1320
466 1523
467 156
467 966
467 1320
467 1332
467 1339
468 468
469 1360
469 1731
469 1737
470 464
470 834
470 1250
471 101
471 136
471 278
471 290
471 308
471 986
471 1308
474 144
474 269
474 1597
476 1126
476 1404
477 1070
477 1519
478 478
479 406
479 854
479 1262
479 1320
480 558
480 1061
480 1680
482 535
482 755
482 1188
483 1530
484 134
484 146
484 456
484 716
484 825
484 1320
484 1365
485 485
486 1284
486 1636
487 637
487 807
487 1057
488 201
488 308
488 335
488 380
488 769
488 1731
489 119
489 570
489 931
489 1619
490 238
490 367
490 444
490 461
490 565
490 688
490 804
490 984
490 1101
490 1188
490 1365
490 1479
490 1755
491 544
492 84
492 290
492 291
492 490
492 664
492 954
492 1656
492 1732
493 493
494 421
495 33
495 1338
495 1429
496 260
496 550
496 826
496 1086
496 1134
496 1335
497 835
498 264
498 1616
499 1106
499 1219
500 201
500 675
500 1106
500 1113
500 1272
501 691
501 1088
501 1335
501 1378
501 1440
501 1496
502 502
503 38
503 848
503 1004
504 973
505 58
505 68
505 157
505 193
505 258
505 350
505 425
505 531
505 565
505 586
505 634
505 755
505 864
505 930
505 974
505 981
505 986
505 1136
505 1198
505 1201
505 1205
505 1276
505 1397
505 1468
505 1520
505 1525
505 1676
505 1730
506 208
506 516
506 850
506 1520
506 1683
508 227
508 1004
508 1339
508 1530
508 1612
509 308
509 365
509 641
509 1163
510 510
512 1173
513 300
513 331
513 762
513 950
513 1397
513 1483
513 1569
513 1693
513 1704
514 16
514 558
514 631
514 794
514 1026
514 1046
514 1709
515 230
515 1276
515 1361
516 146
516 506
516 606
516 644
516 741
516 819
516 1360
516 1594
517 517
518 1178
519 392
519 720
519 804
519 889
519 1113
519 1234
519 1457
519 1734
520 520
522 570
522 819
522 1395
523 523
524 335
524 1658
525 525
527 505
527 545
527 558
527 634
527 1737
528 893
528 1048
528 1427
529 43
529 84
529 104
529 136
529 425
529 834
529 961
529 1146
529 1385
531 409
531 445
531 545
531 864
531 1251
531 1339
531 1656
531 1730
532 45
532 118
532 349
532 634
532 832
532 994
532 1402
532 1429
532 1737
533 71
533 240
533 679
533 939
533 1045
533 1057
533 1221
533 1337
533 1410
533 1446
533 1593
533 1683
534 89
534 166
534 274
534 335
534 420
534 458
534 590
534 669
534 691
534 819
534 1041
534 1056
534 1174
534 1731
534 1762
535 158
535 679
535 755
535 868
536 290
536 416
536 646
536 1004
536 1683
538 102
538 126
538 192
538 274
538 275
538 291
538 344
538 367
538 565
538 612
538 714
538 862
538 953
538 966
538 967
538 1064
538 1106
538 1680
538 1712
538 1751
538 1752
539 539
541 274
541 335
541 655
541 974
544 144
544 291
544 336
544 348
544 436
544 570
544 1007
544 1137
544 1140
544 1233
544 1263
544 1294
544 1320
544 1326
544 1365
544 1452
544 1518
544 1520
544 1683
544 1695
545 30
545 179
545 193
545 284
545 583
545 651
545 726
545 821
545 1136
545 1393
545 1467
545 1516
545 1594
546 118
546 179
547 547
548 44
549 1
549 111
549 157
549 278
549 429
549 637
549 670
549 675
549 931
549 1028
549 1034
549 1113
549 1184
550 20
551 77
551 336
551 657
551 852
551 1004
551 1219
551 1735
552 342
552 437
552 532
552 961
552 1049
552 1358
552 1597
553 821
553 859
553 1257
553 1393
554 1189
554 1719
556 556
558 19
558 40
558 47
558 66
558 67
558 97
558 119
558 132
558 159
558 193
558 207
558 262
558 265
558 375
558 530
558 553
558 561
558 569
558 573
558 604
558 610
558 621
558 628
558 691
558 703
558 738
558 821
558 868
558 909
558 920
558 927
558 950
558 953
558 966
558 1019
558 1028
558 1037
558 1160
558 1167
558 1191
558 1216
558 1229
558 1236
558 1251
558 1257
558 1263
558 1298
558 1305
558 1357
558 1360
558 1364
558 1365
558 1393
558 1395
558 1429
558 1464
558 1478
558 1594
558 1637
558 1639
558 1700
558 1755
559 54
559 155
559 538
559 645
559 879
559 1033
559 1751
560 841
560 1168
560 1248
560 1597
561 679
561 1054
561 1275
561 1683
562 101
562 166
562 387
562 830
562 981
562 1061
562 1154
562 1163
562 1178
562 1257
562 1393
562 1737
563 563
564 564
565 17
565 43
565 118
565 146
565 167
565 241
565 259
565 266
565 275
565 294
565 314
565 407
565 558
565 661
565 795
565 883
565 924
565 983
565 987
565 1186
565 1308
565 1324
565 1418
565 1430
565 1446
565 1496
565 1520
565 1550
565 1597
565 1642
565 1712
565 1763
566 101
566 163
566 290
566 392
566 668
566 954
566 964
566 1404
566 1627
567 323
567 533
567 923
568 321
569 160
569 335
569 558
569 868
569 950
569 1026
569 1139
569 1463
569 1587
569 1683
570 101
570 157
570 178
570 216
570 223
570 271
570 274
570 348
570 397
570 489
570 522
570 603
570 994
570 1078
570 1166
570 1364
570 1479
570 1621
571 57
571 67
571 179
571 227
571 338
571 375
571 406
571 931
571 953
571 1004
571 1201
572 572
573 1232
573 1389
574 503
575 63
575 211
575 233
575 288
575 308
575 660
575 665
575 691
575 1320
575 1386
575 1498
575 1683
576 576
577 92
577 1264
578 578
579 349
579 911
579 1683
580 580
581 101
581 109
581 140
581 146
581 166
581 192
581 220
581 291
581 294
581 348
581 358
581 644
581 669
581 775
581 804
581 910
581 1308
581 1336
581 1360
581 1397
581 1503
581 1528
581 1550
581 1612
581 1621
581 1657
582 582
584 372
584 1047
584 1450
585 585
586 160
586 531
586 1174
586 1257
586 1351
586 1516
587 101
587 720
587 1386
588 588
590 16
590 41
590 43
590 53
590 67
590 111
590 223
590 225
590 228
590 348
590 355
590 360
590 379
590 407
590 484
590 524
590 534
590 552
590 662
590 679
590 691
590 770
590 815
590 819
590 889
590 983
590 994
590 1004
590 1010
590 1018
590 1066
590 1109
590 1216
590 1269
590 1308
590 1336
590 1365
590 1401
590 1410
590 1575
590 1583
590 1637
590 1687
590 1707
590 1708
591 202
591 570
591 1004
592 592
593 593
594 231
594 830
595 130
595 323
595 1004
595 1498
596 990
597 597
598 772
598 920
598 1221
599 1569
599 1574
600 89
600 101
600 118
600 1033
600 1128
600 1171
600 1225
600 1647
601 558
601 610
601 641
601 1088
601 1261
602 602
603 192
603 644
603 1328
603 1554
603 1683
603 1719
604 137
604 202
604 638
604 716
604 797
604 942
604 1081
604 1237
604 1257
604 1276
604 1315
604 1361
604 1560
604 1657
604 1704
605 605
606 335
606 358
606 516
606 819
606 850
606 1031
606 1078
606 1336
606 1397
606 1529
607 275
607 345
607 1347
608 608
609 1004
611 611
612 189
612 538
612 1237
612 1466
612 1492
612 1530
612 1546
612 1676
613 41
613 358
613 565
613 570
613 628
613 651
613 691
613 714
613 771
613 812
613 881
613 1101
613 1219
614 614
615 118
615 829
615 1004
616 616
617 66
617 112
617 250
617 526
617 691
617 984
617 1004
617 1293
617 1320
617 1335
618 159
619 1401
620 65
620 216
620 655
620 1520
622 48
622 171
622 492
622 859
622 1468
623 1573
624 1359
625 457
625 574
627 627
628 201
628 348
628 558
628 565
628 634
628 710
628 1597
628 1709
629 19
629 74
629 328
630 456
630 558
630 871
630 1163
630 1636
631 88
631 134
631 156
631 558
631 890
631 1022
631 1523
631 1587
631 1636
631 1653
631 1745
632 277
633 348
633 1276
634 12
634 358
634 505
634 637
634 868
634 1028
634 1140
634 1468
634 1574
634 1666
634 1730
635 635
636 118
636 221
636 230
636 321
636 819
636 859
636 892
636 1028
636 1284
636 1539
636 1764
637 152
637 157
637 391
637 487
637 558
637 826
637 836
637 1113
637 1272
637 1344
637 1414
637 1490
637 1540
637 1601
638 155
638 257
638 1061
638 1118
638 1490
638 1683
639 1393
639 1446
640 123
640 348
640 476
640 565
640 981
640 994
640 1062
640 1308
640 1496
640 1503
640 1522
641 137
641 444
641 490
641 565
641 859
641 967
641 990
641 1197
641 1338
641 1365
641 1587
642 642
644 271
644 294
644 516
644 590
644 1423
644 1438
644 1503
644 1520
644 1574
644 1708
645 136
645 182
645 278
645 321
645 330
645 331
645 403
645 559
645 631
645 690
645 859
645 861
645 997
645 1057
645 1162
645 1184
645 1207
645 1406
645 1457
645 1529
645 1671
645 1757
645 1760
646 707
646 888
646 967
646 974
646 1098
646 1106
646 1171
646 1709
647 647
648 648
649 1171
649 1275
649 1550
650 1539
651 84
651 101
651 104
651 136
651 164
651 230
651 613
651 737
651 841
651 1275
651 1324
651 1619
651 1730
652 791
652 1036
653 1004
654 655
654 884
655 480
655 534
655 702
655 819
655 948
655 974
655 1731
655 1737
656 590
656 1257
657 231
657 1274
658 658
659 65
659 101
659 434
659 1150
659 1496
659 1676
660 831
661 151
661 888
661 977
662 32
662 392
662 1007
662 1062
662 1365
662 1512
662 1612
663 30
663 160
663 1385
664 230
664 373
664 558
664 645
664 874
664 888
664 952
664 972
664 1037
664 1106
664 1150
664 1320
664 1491
665 348
665 407
665 654
665 655
665 717
665 729
665 819
665 977
665 1004
665 1015
665 1219
665 1465
665 1594
666 666
668 111
668 171
669 100
669 146
669 348
669 679
669 850
669 892
669 1074
669 1248
669 1365
669 1401
669 1520
669 1752
670 393
670 515
670 737
670 1361
670 1404
670 1730
670 1763
671 66
671 170
671 1467
672 672
673 89
673 114
673 118
673 192
673 228
673 241
673 265
673 370
673 379
673 737
673 861
673 893
673 968
673 1212
673 1216
673 1320
673 1339
673 1709
674 1398
674 1731
674 1737
675 43
675 102
675 106
675 221
675 238
675 241
675 275
675 278
675 302
675 365
675 392
675 456
675 462
675 495
675 531
675 534
675 549
675 691
675 706
675 831
675 868
675 994
675 1024
675 1068
675 1113
675 1189
675 1268
675 1313
675 1546
675 1634
675 1704
675 1706
675 1708
675 1760
675 1763
676 725
676 1033
677 735
677 970
677 1742
678 86
678 197
678 561
678 1667
679 163
679 172
679 175
679 216
679 259
679 275
679 336
679 375
679 407
679 443
679 604
679 636
679 687
679 725
679 747
679 765
679 839
679 841
679 856
679 893
679 966
679 969
679 981
679 983
679 985
679 994
679 1012
679 1110
679 1150
679 1184
679 1255
679 1269
679 1292
679 1315
679 1337
679 1339
679 1360
679 1503
679 1539
679 1637
679 1683
679 1708
679 1709
679 1765
680 680
681 681
682 682
683 1732
685 687
685 853
685 1327
685 1426
686 686
687 853
688 126
688 164
688 490
688 841
688 1424
689 111
689 361
689 565
689 594
689 1683
690 645
690 1276
691 181
691 201
691 230
691 265
691 501
691 527
691 590
691 637
691 852
691 917
691 927
691 1021
691 1066
691 1101
691 1191
691 1219
691 1275
691 1324
691 1328
691 1594
691 1762
692 692
693 57
693 1144
694 302
694 530
695 201
695 1081
695 1146
695 1404
695 1597
696 8
696 110
696 622
696 638
696 747
696 1157
696 1351
696 1469
697 1106
697 1766
698 698
699 1106
699 1391
700 703
700 1435
701 931
702 643
702 655
702 821
703 157
703 529
703 558
703 700
703 1027
703 1139
703 1484
703 1737
704 704
705 705
706 195
706 230
706 846
707 335
707 569
707 693
707 1429
707 1719
708 505
708 1004
709 3
709 725
709 1469
709 1621
710 230
710 311
710 752
710 754
710 1064
710 1209
710 1365
710 1518
710 1731
710 1762
711 170
711 409
712 973
713 713
714 252
714 271
714 374
714 407
714 538
714 565
714 570
714 819
714 895
714 956
714 1424
714 1465
714 1518
714 1528
714 1712
714 1737
715 715
716 737
716 866
716 1574
717 63
717 171
717 265
717 641
717 727
717 755
717 836
717 841
717 843
717 1106
717 1163
717 1191
717 1207
717 1336
717 1365
717 1569
717 1574
717 1594
717 1683
718 868
718 1304
719 719
720 118
720 691
720 834
720 836
720 888
720 930
720 1054
720 1128
720 1268
720 1279
720 1358
720 1403
720 1510
720 1762
721 721
722 722
723 392
723 431
723 558
723 1320
723 1594
723 1597
724 904
724 942
724 1081
724 1597
724 1737
725 137
725 166
725 246
725 337
725 709
725 785
725 874
725 1026
725 1064
725 1074
725 1274
725 1361
725 1394
725 1464
725 1495
725 1605
725 1645
725 1657
725 1669
725 1731
726 192
726 342
726 1121
726 1587
726 1615
727 819
727 868
727 1041
727 1061
728 802
728 1106
728 1237
729 118
729 355
729 665
729 981
730 1347
731 731
732 155
732 1106
733 397
734 734
735 453
735 457
735 726
735 785
735 807
735 828
735 942
735 1170
735 1335
736 140
736 240
736 374
736 495
736 538
736 758
736 819
736 931
736 1068
736 1166
736 1184
736 1189
736 1233
736 1279
737 67
737 156
737 167
737 179
737 230
737 357
737 370
737 670
737 781
737 1124
737 1201
737 1239
737 1302
737 1385
737 1644
737 1698
738 689
738 887
739 101
739 989
739 1364
739 1543
739 1597
740 740
741 321
741 335
741 404
741 1018
741 1360
741 1397
742 543
742 1004
744 225
744 877
745 11
745 15
745 545
746 101
746 326
746 422
746 581
746 1484
746 1578
746 1583
746 1683
747 392
747 607
747 745
747 755
747 1616
747 1663
747 1720
749 193
749 1530
749 1574
749 1662
750 179
750 1008
750 1206
751 751
752 146
752 866
752 1362
752 1719
753 753
754 74
754 101
754 104
754 202
754 405
754 613
754 633
754 691
754 756
754 803
754 954
754 974
754 1074
754 1349
754 1351
754 1393
754 1708
754 1715
754 1762
755 3
755 63
755 84
755 104
755 218
755 291
755 367
755 604
755 638
755 725
755 766
755 827
755 843
755 930
755 1026
755 1028
755 1041
755 1063
755 1219
755 1223
755 1233
755 1274
755 1472
755 1594
756 43
756 274
756 341
756 349
756 374
756 392
756 754
756 1018
756 1026
756 1035
756 1099
756 1196
756 1308
756 1385
756 1429
756 1439
756 1615
756 1656
757 757
758 717
758 1163
758 1298
760 17
761 991
761 1479
762 127
762 431
762 513
762 804
762 1010
762 1159
762 1180
762 1365
762 1453
763 763
764 764
765 118
765 275
765 324
765 1006
765 1163
765 1503
766 172
766 868
766 953
766 994
766 1581
766 1612
767 767
768 314
768 358
768 1140
768 1601
769 302
769 337
769 346
769 488
769 1180
770 382
771 104
771 123
771 613
771 812
772 89
772 549
772 598
772 920
772 1026
772 1126
772 1359
773 309
773 1439
774 129
774 873
774 955
774 1026
774 1092
774 1506
774 1686
775 275
775 335
775 358
775 931
775 1315
775 1390
775 1404
776 1095
777 777
778 888
779 779
780 855
780 1344
781 349
781 562
781 903
781 1049
781 1247
781 1539
781 1574
781 1587
781 1676
782 278
782 661
782 1446
785 725
785 735
785 1530
785 1587
787 787
788 59
788 244
788 714
788 831
789 700
791 260
791 684
791 807
791 841
791 952
791 1069
791 1419
792 792
793 1519
794 4
794 91
794 132
794 157
794 222
794 258
794 291
794 373
794 466
794 638
794 712
794 755
794 1093
794 1139
794 1230
794 1276
794 1383
794 1385
794 1404
794 1484
794 1574
794 1675
794 1704
795 367
795 898
795 983
795 986
795 1014
795 1117
795 1343
795 1676
796 1002
797 181
797 540
797 990
797 1041
797 1101
797 1109
797 1339
797 1671
797 1716
798 798
799 1237
799 1470
800 800
801 101
801 1047
802 565
802 967
802 1020
802 1385
803 691
804 18
804 119
804 216
804 228
804 321
804 348
804 490
804 570
804 893
804 924
804 1018
804 1024
804 1159
804 1160
804 1195
804 1357
804 1398
804 1401
804 1610
804 1621
804 1679
805 806
805 1002
806 805
807 481
807 1543
807 1638
808 1339
809 708
809 804
809 889
809 927
809 1026
809 1075
809 1324
809 1357
809 1397
809 1749
810 119
810 166
810 193
810 261
810 795
810 859
810 1106
810 1274
810 1320
810 1518
810 1700
811 1612
811 1760
812 104
812 123
812 927
812 1401
812 1470
813 213
813 252
813 397
813 449
813 1095
813 1372
815 201
815 294
815 362
815 590
815 741
815 1231
815 1412
815 1717
816 816
818 818
819 26
819 68
819 89
819 175
819 182
819 221
819 230
819 249
819 256
819 298
819 345
819 409
819 458
819 527
819 569
819 606
819 644
819 720
819 736
819 893
819 1000
819 1036
819 1081
819 1159
819 1191
819 1315
819 1466
819 1560
819 1565
819 1708
820 820
821 58
821 193
821 230
821 231
821 290
821 301
821 527
821 553
821 981
821 1026
821 1450
821 1472
822 126
822 544
823 560
823 859
823 1099
823 1274
824 590
825 67
825 98
825 119
825 156
825 199
825 247
825 484
825 827
825 880
825 1076
825 1088
825 1106
826 54
826 128
826 308
826 353
826 391
826 496
826 768
826 1106
826 1113
826 1219
826 1281
826 1559
826 1569
826 1736
827 825
827 880
827 1320
828 735
828 967
828 1140
829 18
829 222
829 1365
830 193
830 244
830 245
830 553
830 558
830 1004
830 1154
830 1274
830 1278
830 1351
830 1423
830 1525
831 155
831 228
831 676
831 788
831 890
831 1019
831 1078
831 1128
831 1349
831 1441
831 1592
831 1683
831 1684
831 1707
831 1731
832 532
832 974
832 1004
832 1219
832 1232
832 1338
832 1363
832 1414
833 1173
834 101
834 171
834 227
834 228
834 675
834 1026
834 1339
834 1683
835 1106
835 1229
835 1494
836 101
836 157
836 195
836 336
836 549
836 720
836 859
836 1047
836 1163
836 1502
837 837
838 838
839 870
839 994
839 1106
839 1134
839 1242
839 1683
840 840
841 275
841 314
841 349
841 505
841 651
841 674
841 688
841 717
841 720
841 889
841 890
841 893
841 1163
841 1216
841 1219
841 1535
841 1569
841 1572
841 1627
841 1732
841 1757
842 609
842 789
843 290
843 335
843 558
843 954
845 845
846 189
846 300
846 422
846 474
846 1035
846 1103
846 1611
847 218
847 1004
847 1330
848 137
848 931
848 1347
848 1688
849 33
849 294
849 871
849 1112
849 1676
850 329
850 1026
851 573
851 745
851 1028
851 1061
852 192
852 308
852 312
852 379
852 534
852 710
852 865
852 927
852 1121
852 1191
852 1275
852 1293
852 1357
852 1414
852 1574
854 484
854 794
854 1315
855 230
855 252
855 780
856 119
856 679
856 1232
856 1320
856 1347
856 1356
857 40
858 271
858 382
858 590
858 623
858 783
858 1463
859 78
859 118
859 126
859 165
859 216
859 226
859 234
859 317
859 538
859 568
859 584
859 645
859 664
859 810
859 836
859 888
859 929
859 1011
859 1061
859 1062
859 1073
859 1089
859 1153
859 1159
859 1308
859 1365
859 1372
859 1386
859 1402
859 1424
859 1510
859 1614
859 1622
859 1683
859 1687
860 246
860 752
860 1456
861 230
861 291
861 392
861 558
861 703
861 804
861 821
861 1386
861 1730
862 28
862 392
862 558
862 1074
862 1401
863 1113
863 1140
863 1174
863 1184
863 1219
863 1510
863 1732
864 137
864 160
864 211
864 367
864 505
864 527
864 531
864 553
864 637
864 830
864 1091
864 1136
864 1206
864 1257
864 1385
864 1467
864 1702
865 81
865 111
865 312
865 321
865 479
865 843
865 962
865 978
865 1056
865 1400
865 1440
865 1550
865 1575
865 1679
866 752
866 1165
866 1519
866 1637
867 867
868 45
868 137
868 172
868 192
868 209
868 259
868 392
868 449
868 535
868 558
868 634
868 709
868 717
868 726
868 766
868 847
868 974
868 1091
868 1159
868 1344
868 1393
868 1550
868 1563
868 1716
869 1018
870 118
870 768
870 1121
871 289
871 590
871 630
873 19
873 265
873 893
873 955
873 1016
873 1036
873 1245
873 1355
873 1427
874 155
874 440
874 1037
874 1427
874 1491
875 230
875 464
875 989
875 1008
875 1739
876 321
876 1004
876 1026
876 1074
876 1185
876 1365
876 1398
876 1539
877 43
877 195
877 216
877 222
877 274
877 662
877 994
877 1031
877 1062
877 1156
877 1394
877 1530
878 754
878 1424
879 732
879 966
880 59
880 216
880 825
880 827
880 1520
880 1619
880 1690
880 1760
881 104
881 337
881 613
881 1597
881 1678
882 882
885 111
885 165
885 496
885 836
885 1061
885 1106
885 1126
885 1237
886 127
886 199
886 888
886 1004
886 1088
886 1180
886 1693
887 101
887 160
887 738
887 1574
888 30
888 43
888 55
888 186
888 195
888 218
888 258
888 290
888 308
888 432
888 558
888 661
888 664
888 778
888 859
888 864
888 886
888 967
888 990
888 1026
888 1028
888 1049
888 1113
888 1150
888 1156
888 1174
888 1177
888 1219
888 1230
888 1320
888 1336
888 1339
888 1390
888 1401
888 1484
888 1619
888 1621
888 1716
888 1762
889 18
889 519
889 717
889 809
889 825
889 831
889 893
889 927
889 1207
889 1358
889 1503
889 1513
889 1683
889 1704
889 1749
890 1587
892 636
892 669
892 1308
892 1661
893 171
893 193
893 201
893 258
893 348
893 519
893 528
893 558
893 794
893 819
893 841
893 873
893 885
893 1036
893 1049
893 1195
893 1225
893 1584
893 1661
893 1686
893 1759
894 252
894 275
894 325
894 501
894 570
895 95
895 876
897 256
897 1304
898 171
898 266
898 290
898 532
898 565
898 880
898 948
898 986
898 1219
899 1518
900 273
900 812
900 1683
901 137
901 1140
901 1281
902 456
903 179
903 737
904 72
904 451
904 794
904 843
904 992
904 1049
904 1164
904 1397
904 1600
905 90
905 137
905 702
906 831
907 1226
908 983
908 986
909 829
909 991
909 1125
909 1172
909 1671
909 1676
910 551
910 1482
910 1683
910 1736
911 579
911 758
911 1298
911 1519
911 1727
912 912
913 67
913 155
914 248
915 915
917 101
917 201
917 235
917 691
917 1423
917 1574
918 918
919 919
920 55
920 195
920 290
920 494
920 558
920 755
920 831
920 929
920 1042
920 1233
920 1496
920 1574
920 1709
921 921
922 165
922 1023
923 178
923 522
923 1021
923 1034
923 1078
923 1185
923 1615
924 118
924 223
924 274
924 994
924 1060
924 1503
925 435
926 1683
927 43
927 171
927 192
927 222
927 290
927 558
927 565
927 640
927 771
927 773
927 889
927 1062
927 1257
927 1357
927 1612
928 928
929 97
929 263
929 484
930 755
930 981
930 1232
930 1275
930 1397
930 1496
930 1731
931 10
931 269
931 358
931 434
931 443
931 495
931 736
931 775
931 900
931 1029
931 1308
931 1347
931 1365
931 1390
931 1530
931 1621
932 456
932 814
932 819
933 1719
934 934
935 935
936 936
937 937
938 1062
938 1520
938 1683
939 230
939 1034
939 1106
939 1167
939 1324
939 1351
939 1398
940 940
941 258
941 821
942 92
942 462
942 532
942 534
942 673
942 724
942 899
942 1191
942 1424
942 1731
943 943
945 945
946 902
946 1189
947 947
948 54
948 541
948 898
948 1170
948 1731
949 949
950 211
950 218
950 237
950 278
950 569
950 726
950 1262
950 1268
950 1269
950 1385
950 1700
950 1732
952 528
952 664
952 893
952 955
952 1191
952 1584
952 1637
953 155
953 275
953 304
953 349
953 407
953 538
953 691
953 736
953 754
953 766
953 1752
954 63
954 88
954 136
954 191
954 222
954 344
954 367
954 492
954 725
954 810
954 961
954 987
954 988
954 1004
954 1223
954 1556
954 1675
954 1676
955 188
955 774
955 873
955 1506
955 1584
956 484
956 714
956 1263
956 1315
956 1397
956 1456
956 1503
956 1520
957 137
957 1525
958 958
959 859
959 1191
959 1657
960 960
961 137
961 434
961 456
961 529
961 689
961 954
962 456
962 865
962 1057
962 1550
963 963
964 349
964 407
964 579
964 995
965 75
965 152
965 819
965 1150
965 1153
965 1709
966 116
966 146
966 275
966 308
966 345
966 348
966 371
966 443
966 465
966 589
966 644
966 679
966 804
966 819
966 879
966 1034
966 1041
966 1066
966 1070
966 1139
966 1219
966 1315
966 1336
966 1383
966 1484
966 1533
966 1534
966 1552
966 1599
966 1731
966 1737
967 47
967 252
967 341
967 353
967 391
967 500
967 538
967 565
967 612
967 646
967 691
967 714
967 768
967 781
967 826
967 863
967 885
967 898
967 901
967 994
967 1028
967 1061
967 1074
967 1098
967 1140
967 1262
967 1339
967 1360
967 1386
967 1403
967 1414
967 1455
967 1490
967 1592
967 1676
967 1709
967 1710
967 1753
968 673
968 691
968 825
969 101
969 644
970 794
970 933
971 89
971 1365
972 664
972 794
972 1347
972 1498
973 59
973 140
973 504
974 78
974 353
974 501
974 505
974 691
974 723
974 967
974 1056
974 1140
974 1257
974 1363
974 1465
974 1764
975 275
975 372
975 397
976 90
976 359
976 385
976 702
976 1088
976 1419
977 136
977 549
977 665
977 1113
977 1184
979 385
979 1540
980 308
980 755
980 917
981 136
981 186
981 335
981 391
981 532
981 562
981 637
981 641
981 684
981 821
981 865
981 1026
981 1028
981 1103
981 1106
981 1130
981 1134
981 1186
981 1274
981 1308
981 1315
981 1397
981 1414
981 1545
981 1587
981 1683
981 1691
983 94
983 216
983 275
983 756
983 908
983 1007
983 1353
983 1521
983 1594
983 1704
983 1709
983 1763
984 37
984 323
984 490
984 590
984 641
984 1180
984 1337
984 1483
985 275
986 140
986 152
986 209
986 367
986 424
986 604
986 617
986 669
986 908
986 983
986 1106
986 1142
986 1156
986 1157
986 1233
986 1315
986 1491
986 1521
986 1698
987 290
987 406
987 552
987 663
987 794
987 832
987 1037
987 1154
987 1201
987 1206
987 1269
987 1492
987 1574
987 1732
988 91
988 186
988 221
988 353
988 357
989 735
989 875
989 1320
989 1543
990 140
990 321
990 575
990 641
990 668
990 861
990 1074
990 1101
990 1324
990 1414
990 1478
990 1553
990 1611
991 146
991 222
991 962
991 994
991 1057
991 1062
991 1069
991 1089
991 1365
991 1378
991 1470
991 1520
991 1527
991 1611
991 1679
991 1760
992 904
992 1676
993 993
994 59
994 119
994 218
994 275
994 345
994 374
994 392
994 436
994 443
994 457
994 484
994 544
994 565
994 570
994 581
994 741
994 746
994 766
994 794
994 804
994 877
994 924
994 938
994 990
994 1007
994 1057
994 1081
994 1089
994 1099
994 1112
994 1151
994 1166
994 1196
994 1251
994 1261
994 1297
994 1353
994 1389
994 1395
994 1401
994 1503
994 1554
994 1588
994 1611
994 1697
994 1702
994 1708
995 560
995 629
995 964
995 1129
995 1360
996 365
996 507
996 1201
997 1709
998 998
999 999
1000 868
1000 1689
1002 805
1002 806
1003 754
1003 1106
1004 1
1004 33
1004 45
1004 47
1004 52
1004 63
1004 101
1004 114
1004 118
1004 131
1004 182
1004 189
1004 201
1004 222
1004 256
1004 265
1004 266
1004 279
1004 290
1004 298
1004 302
1004 325
1004 335
1004 346
1004 359
1004 367
1004 388
1004 393
1004 403
1004 412
1004 461
1004 473
1004 484
1004 486
1004 530
1004 532
1004 565
1004 612
1004 617
1004 668
1004 669
1004 742
1004 750
1004 797
1004 829
1004 832
1004 847
1004 873
1004 876
1004 886
1004 913
1004 942
1004 954
1004 966
1004 1049
1004 1066
1004 1092
1004 1139
1004 1170
1004 1233
1004 1235
1004 1248
1004 1328
1004 1338
1004 1364
1004 1365
1004 1414
1004 1436
1004 1450
1004 1476
1004 1492
1004 1494
1004 1521
1004 1550
1004 1609
1004 1610
1004 1690
1004 1707
1004 1716
1004 1725
1004 1749
1005 804
1005 1395
1005 1761
1006 144
1006 819
1006 1503
1007 102
1007 209
1007 220
1007 237
1007 437
1007 456
1007 535
1007 797
1007 831
1007 865
1007 991
1007 1020
1007 1057
1007 1098
1007 1219
1007 1438
1007 1520
1007 1529
1007 1594
1007 1600
1007 1682
1010 144
1010 321
1010 1062
1010 1365
1011 137
1011 821
1011 1126
1011 1397
1011 1412
1012 275
1013 1232
1014 90
1014 558
1014 581
1014 1019
1014 1306
1014 1385
1015 665
1015 1594
1015 1737
1016 873
1016 955
1016 1152
1017 544
1017 1551
1017 1593
1018 208
1018 335
1018 392
1018 581
1018 590
1018 831
1018 953
1018 1446
1018 1530
1018 1569
1018 1612
1018 1706
1019 78
1019 831
1019 1308
1019 1654
1020 193
1021 55
1021 201
1021 226
1021 348
1021 1033
1021 1047
1021 1066
1021 1280
1021 1453
1021 1676
1021 1683
1022 16
1022 289
1022 1444
1022 1569
1023 302
1023 443
1023 581
1023 922
1023 1004
1024 868
1024 1276
1024 1550
1024 1684
1025 1007
1026 19
1026 72
1026 100
1026 129
1026 241
1026 245
1026 265
1026 312
1026 360
1026 361
1026 401
1026 442
1026 457
1026 501
1026 636
1026 669
1026 691
1026 706
1026 803
1026 809
1026 815
1026 834
1026 850
1026 888
1026 890
1026 895
1026 1057
1026 1068
1026 1080
1026 1082
1026 1166
1026 1185
1026 1275
1026 1276
1026 1288
1026 1304
1026 1378
1026 1472
1026 1569
1026 1588
1026 1709
1026 1715
1026 1757
1027 77
1027 160
1027 230
1027 819
1027 1062
1027 1129
1027 1201
1027 1274
1027 1324
1027 1546
1027 1554
1027 1588
1027 1658
1028 26
1028 54
1028 136
1028 278
1028 292
1028 336
1028 452
1028 637
1028 691
1028 747
1028 981
1028 1113
1028 1138
1028 1184
1028 1262
1028 1283
1028 1365
1028 1535
1029 274
1029 436
1029 544
1029 570
1029 745
1029 1439
1030 475
1031 26
1031 294
1031 809
1031 877
1031 966
1031 967
1031 994
1031 1221
1031 1294
1031 1503
1031 1587
1032 1007
1032 1173
1032 1706
1033 78
1033 155
1033 338
1033 360
1033 364
1033 679
1033 856
1033 965
1033 1058
1033 1472
1034 84
1034 94
1034 118
1034 216
1034 223
1034 271
1034 289
1034 392
1034 484
1034 619
1034 827
1034 869
1034 994
1034 1027
1034 1092
1034 1283
1034 1336
1034 1339
1034 1401
1034 1410
1034 1503
1034 1562
1034 1574
1034 1731
1035 846
1035 1113
1035 1134
1035 1222
1035 1510
1036 54
1036 104
1036 192
1036 265
1036 479
1036 503
1036 791
1036 794
1036 819
1036 873
1036 1207
1036 1225
1036 1274
1036 1336
1036 1347
1036 1397
1036 1427
1036 1518
1036 1587
1036 1653
1036 1686
1036 1688
1036 1719
1036 1737
1037 104
1037 558
1037 645
1037 841
1037 874
1037 904
1037 1081
1038 79
1039 823
1039 1257
1039 1390
1040 1040
1041 348
1041 755
1041 1060
1041 1074
1041 1330
1041 1358
1041 1597
1043 1043
1044 440
1045 1034
1045 1140
1045 1397
1045 1484
1046 101
1046 452
1046 1021
1047 1021
1047 1026
1047 1061
1047 1347
1047 1531
1047 1583
1048 43
1048 774
1048 981
1048 1129
1048 1163
1048 1275
1048 1355
1048 1688
1048 1741
1049 19
1049 130
1049 208
1049 291
1049 398
1049 590
1049 737
1049 769
1049 781
1049 830
1049 889
1049 959
1049 1026
1049 1073
1049 1113
1049 1207
1049 1324
1049 1336
1049 1384
1049 1397
1049 1419
1049 1459
1049 1550
1049 1653
1049 1717
1051 1051
1053 192
1053 534
1053 1520
1054 561
1054 590
1054 717
1054 1018
1056 665
1056 819
1056 865
1056 974
1056 1360
1056 1401
1057 111
1057 166
1057 487
1057 865
1057 962
1057 1365
1057 1529
1057 1683
1057 1738
1058 132
1058 278
1058 391
1058 1117
1058 1545
1059 1059
1060 118
1060 244
1060 275
1060 691
1060 819
1060 990
1060 1023
1060 1223
1060 1274
1060 1283
1060 1737
1061 54
1061 278
1061 336
1061 637
1061 638
1061 691
1061 720
1061 859
1061 992
1061 1034
1061 1163
1061 1184
1061 1219
1061 1223
1061 1502
1062 61
1062 201
1062 216
1062 228
1062 275
1062 334
1062 348
1062 358
1062 443
1062 868
1062 966
1062 991
1062 994
1062 1503
1062 1612
1063 59
1063 457
1063 1113
1063 1339
1063 1472
1063 1683
1063 1715
1064 192
1064 223
1064 492
1064 644
1064 700
1064 725
1064 772
1064 1237
1064 1469
1064 1574
1064 1638
1064 1684
1065 111
1065 136
1065 197
1065 305
1065 1139
1065 1320
1066 407
1066 590
1066 920
1066 1034
1066 1185
1066 1324
1066 1597
1066 1683
1067 1067
1068 157
1068 675
1068 733
1068 736
1068 815
1068 859
1068 862
1068 1308
1068 1365
1068 1401
1068 1627
1069 558
1069 991
1069 1004
1070 477
1071 1559
1072 1072
1073 590
1073 1049
1074 725
1074 1041
1074 1276
1074 1446
1074 1574
1075 809
1075 899
1076 1057
1076 1529
1076 1687
1077 1077
1078 178
1078 201
1078 216
1078 392
1078 443
1078 522
1078 606
1078 804
1078 1166
1078 1260
1078 1283
1078 1287
1078 1395
1078 1410
1078 1574
1078 1737
1079 1079
1081 8
1081 119
1081 160
1081 166
1081 192
1081 253
1081 349
1081 367
1081 457
1081 569
1081 604
1081 724
1081 810
1081 942
1081 981
1081 1037
1081 1237
1081 1275
1081 1305
1081 1330
1081 1397
1081 1468
1081 1683
1081 1730
1082 4
1082 119
1082 137
1082 1026
1082 1539
1083 1083
1085 12
1085 46
1085 361
1086 1429
1086 1530
1087 1361
1088 19
1088 62
1088 98
1088 202
1088 252
1088 302
1088 428
1088 531
1088 561
1088 825
1088 886
1088 950
1088 969
1088 990
1088 1361
1088 1479
1088 1483
1088 1522
1089 456
1089 859
1089 1026
1089 1163
1089 1166
1089 1262
1090 1189
1090 1616
1090 1653
1090 1709
1091 58
1091 569
1091 634
1091 1106
1091 1149
1091 1236
1091 1393
1091 1730
1091 1745
1091 1753
1092 22
1092 784
1092 1034
1092 1389
1093 1163
1094 1094
1095 449
1095 712
1095 1140
1095 1621
1096 1096
1098 967
1098 1007
1099 144
1099 214
1099 1410
1099 1737
1100 1100
1101 68
1101 201
1101 230
1101 490
1101 628
1101 1276
1101 1453
1101 1518
1103 981
1103 1520
1103 1683
1104 337
1104 691
1104 755
1104 1004
1104 1276
1106 12
1106 38
1106 69
1106 136
1106 137
1106 171
1106 226
1106 227
1106 230
1106 234
1106 258
1106 289
1106 308
1106 406
1106 534
1106 551
1106 634
1106 699
1106 717
1106 828
1106 836
1106 939
1106 967
1106 988
1106 1009
1106 1061
1106 1125
1106 1146
1106 1174
1106 1184
1106 1207
1106 1233
1106 1274
1106 1292
1106 1339
1106 1386
1106 1406
1106 1510
1106 1574
1106 1704
1106 1707
1107 558
1107 1550
1108 1108
1110 679
1110 1181
1111 1111
1112 193
1112 372
1112 849
1112 865
1112 1520
1113 99
1113 157
1113 160
1113 171
1113 201
1113 220
1113 299
1113 428
1113 675
1113 736
1113 794
1113 826
1113 879
1113 967
1113 977
1113 1007
1113 1061
1113 1095
1113 1126
1113 1134
1113 1166
1113 1174
1113 1191
1113 1237
1113 1272
1113 1324
1113 1327
1113 1401
1113 1424
1113 1429
1113 1490
1113 1587
1113 1588
1113 1684
1113 1760
1114 1436
1115 1444
1116 5
1116 347
1116 1656
1117 308
1117 337
1117 896
1117 986
1118 1248
1119 47
1119 533
1119 590
1119 662
1119 1057
1119 1324
1119 1539
1120 1120
1121 101
1121 659
1121 870
1121 1018
1121 1030
1121 1136
1121 1223
1121 1571
1121 1677
1121 1731
1121 1762
1123 1123
1124 1004
1125 357
1125 829
1125 1397
1125 1550
1125 1722
1126 101
1126 166
1126 335
1126 457
1126 645
1126 994
1126 1081
1126 1275
1126 1278
1126 1518
1126 1550
1126 1594
1127 1127
1128 11
1128 538
1128 590
1128 600
1128 736
1128 1073
1129 372
1129 1159
1129 1251
1130 1004
1131 1252
1131 1439
1132 59
1132 1401
1133 1133
1134 341
1134 364
1134 496
1134 1068
1134 1166
1134 1335
1134 1496
1134 1612
1134 1760
1135 1135
1136 505
1136 545
1136 864
1136 1121
1136 1345
1136 1367
1136 1574
1136 1730
1137 1386
1138 222
1138 452
1138 1028
1138 1046
1138 1223
1138 1423
1139 19
1139 223
1139 256
1139 364
1139 834
1139 981
1139 1004
1139 1056
1139 1185
1139 1315
1139 1495
1139 1517
1139 1588
1139 1683
1140 12
1140 258
1140 534
1140 544
1140 863
1140 885
1140 901
1140 967
1140 974
1140 1045
1140 1113
1140 1305
1140 1335
1140 1500
1140 1540
1140 1753
1141 1141
1142 172
1142 316
1142 795
1142 908
1142 983
1143 1143
1144 278
1144 1496
1145 797
1146 97
1146 357
1146 359
1146 484
1146 529
1146 755
1146 1106
1146 1159
1146 1336
1146 1358
1146 1616
1147 1147
1148 1148
1149 278
1149 868
1150 28
1150 82
1150 275
1150 360
1150 449
1150 484
1150 699
1150 707
1150 781
1150 888
1150 1220
1150 1275
1150 1279
1150 1530
1150 1583
1150 1684
1152 652
1152 774
1152 952
1152 955
1152 1245
1152 1347
1152 1355
1153 11
1153 19
1153 153
1153 218
1153 360
1153 1004
1153 1033
1153 1207
1153 1225
1153 1262
1153 1347
1154 119
1154 131
1154 192
1154 265
1154 320
1154 337
1154 519
1154 529
1154 725
1154 987
1154 1026
1154 1081
1154 1185
1154 1336
1154 1358
1154 1397
1154 1423
1154 1559
1154 1597
1154 1653
1154 1709
1155 94
1155 795
1155 868
1155 1569
1155 1627
1155 1704
1156 71
1156 565
1156 775
1156 889
1156 994
1156 1324
1156 1394
1156 1441
1156 1520
1158 346
1158 367
1158 1124
1158 1467
1159 358
1159 442
1159 568
1159 762
1159 804
1159 819
1159 868
1159 987
1159 1146
1159 1203
1159 1219
1159 1237
1159 1463
1159 1569
1159 1693
1159 1730
1160 569
1160 893
1160 1732
1162 101
1162 1036
1162 1419
1163 157
1163 216
1163 228
1163 444
1163 509
1163 562
1163 569
1163 630
1163 665
1163 717
1163 720
1163 765
1163 794
1163 836
1163 889
1163 939
1163 1028
1163 1061
1163 1106
1163 1174
1163 1324
1163 1339
1163 1378
1163 1472
1163 1667
1163 1715
1164 335
1164 888
1164 904
1166 100
1166 116
1166 118
1166 275
1166 348
1166 570
1166 644
1166 923
1166 966
1166 1026
1166 1134
1166 1184
1166 1283
1166 1305
1166 1338
1166 1401
1166 1520
1166 1615
1166 1624
1166 1683
1166 1707
1167 101
1167 189
1167 193
1167 558
1167 634
1167 830
1167 1236
1167 1385
1167 1563
1167 1574
1168 877
1168 984
1168 1320
1168 1470
1169 1169
1170 948
1171 600
1171 649
1172 909
1172 1280
1172 1671
1173 40
1173 164
1173 308
1173 716
1173 743
1173 1004
1173 1032
1173 1232
1173 1283
1173 1501
1173 1510
1173 1640
1173 1654
1173 1687
1173 1706
1174 278
1174 534
1174 888
1174 1028
1174 1113
1174 1140
1174 1324
1174 1358
1174 1397
1174 1601
1174 1753
1175 699
1175 1391
1176 1176
1177 1529
1178 1574
1179 311
1179 1676
1180 568
1180 769
1180 1159
1180 1646
1181 1110
1181 1365
1182 118
1182 601
1182 612
1182 656
1183 981
1183 1026
1183 1397
1183 1667
1184 26
1184 136
1184 186
1184 213
1184 278
1184 290
1184 321
1184 352
1184 428
1184 429
1184 464
1184 500
1184 565
1184 717
1184 736
1184 948
1184 986
1184 994
1184 1018
1184 1028
1184 1061
1184 1081
1184 1166
1184 1386
1184 1667
1184 1680
1184 1760
1185 302
1185 364
1185 474
1185 590
1185 664
1185 872
1185 923
1185 997
1185 1026
1185 1066
1185 1071
1185 1113
1185 1139
1185 1158
1185 1469
1185 1503
1185 1600
1186 118
1186 136
1186 565
1186 1066
1186 1509
1188 924
1189 335
1189 1001
1189 1036
1189 1585
1189 1587
1189 1731
1190 1190
1191 101
1191 183
1191 673
1191 717
1191 952
1191 1026
1191 1036
1191 1092
1191 1113
1191 1276
1191 1320
1191 1324
1191 1513
1191 1621
1191 1686
1191 1760
1192 1192
1193 101
1193 505
1193 683
1194 755
1195 519
1195 804
1195 910
1195 927
1195 1049
1195 1236
1195 1357
1195 1581
1196 0
1196 59
1196 240
1196 880
1196 994
1196 1315
1196 1457
1197 393
1198 601
1199 1199
1200 140
1200 1087
1200 1232
1201 8
1201 235
1201 370
1201 466
1201 604
1201 634
1201 794
1201 819
1201 942
1201 996
1201 1269
1201 1385
1201 1478
1201 1574
1201 1594
1201 1745
1202 1202
1203 898
1203 1106
1203 1159
1203 1496
1203 1592
1204 30
1204 807
1205 967
1205 1268
1205 1683
1206 101
1206 782
1206 1110
1206 1215
1206 1574
1206 1635
1207 101
1207 137
1207 155
1207 230
1207 645
1207 717
1207 868
1207 889
1207 1234
1207 1320
1207 1324
1207 1358
1207 1364
1207 1457
1207 1482
1207 1684
1207 1707
1207 1715
1208 208
1208 1173
1209 350
1209 465
1209 759
1209 1011
1209 1050
1209 1249
1209 1334
1209 1633
1209 1671
1210 1210
1211 1211
1212 44
1213 1213
1214 1214
1215 101
1215 346
1215 357
1215 1004
1215 1627
1216 258
1216 336
1216 590
1216 904
1216 1331
1216 1393
1216 1621
1217 1217
1218 391
1218 397
1218 841
1218 1569
1218 1627
1219 54
1219 77
1219 104
1219 119
1219 152
1219 187
1219 534
1219 551
1219 613
1219 691
1219 776
1219 794
1219 863
1219 930
1219 1035
1219 1056
1219 1106
1219 1113
1219 1155
1219 1260
1219 1262
1219 1339
1219 1414
1219 1709
1219 1715
1220 244
1220 1150
1220 1335
1221 274
1221 285
1221 397
1221 533
1221 621
1221 819
1221 994
1221 1007
1221 1031
1221 1390
1221 1516
1223 874
1223 1028
1223 1138
1224 55
1224 990
1225 745
1225 1026
1225 1028
1225 1033
1225 1129
1226 118
1226 143
1226 397
1226 710
1227 1227
1228 1228
1229 134
1229 156
1229 339
1229 1262
1229 1356
1229 1625
1230 859
1230 874
1230 1106
1230 1429
1230 1457
1231 1337
1232 408
1232 832
1232 930
1232 1004
1232 1200
1233 166
1233 291
1233 335
1233 344
1233 357
1233 505
1233 755
1233 920
1233 1064
1233 1106
1233 1230
1233 1248
1233 1597
1234 43
1234 55
1234 72
1234 195
1234 549
1234 756
1234 859
1234 1093
1234 1113
1234 1207
1234 1282
1234 1320
1234 1324
1234 1358
1234 1397
1234 1414
1234 1446
1234 1482
1234 1704
1235 1004
1235 1064
1236 558
1236 1274
1236 1706
1237 54
1237 139
1237 163
1237 166
1237 218
1237 244
1237 256
1237 265
1237 291
1237 335
1237 336
1237 457
1237 612
1237 663
1237 720
1237 1070
1237 1207
1237 1275
1237 1276
1237 1305
1237 1385
1237 1394
1237 1397
1237 1518
1237 1539
1237 1550
1237 1683
1237 1687
1237 1704
1238 1572
1239 290
1239 1033
1239 1305
1239 1523
1240 62
1240 1014
1241 558
1241 1414
1242 348
1242 589
1242 768
1243 1243
1244 1244
1245 873
1245 952
1245 1506
1246 326
1246 424
1248 308
1248 401
1248 560
1248 565
1248 590
1248 604
1248 781
1248 1007
1248 1167
1248 1324
1248 1402
1248 1414
1248 1429
1248 1574
1248 1656
1248 1727
1248 1737
1248 1760
1249 1385
1250 1004
1250 1625
1251 113
1251 119
1251 177
1251 531
1251 545
1251 558
1251 1034
1251 1078
1251 1574
1251 1626
1253 1253
1255 275
1255 348
1255 931
1255 1004
1256 930
1256 953
1256 1377
1256 1757
1257 26
1257 101
1257 157
1257 193
1257 245
1257 258
1257 349
1257 545
1257 562
1257 583
1257 622
1257 663
1257 974
1257 1106
1257 1193
1257 1520
1257 1656
1257 1737
1258 768
1258 1106
1259 1259
1260 104
1260 273
1260 274
1260 1219
1260 1395
1260 1615
1260 1624
1260 1695
1262 63
1262 234
1262 271
1262 405
1262 479
1262 484
1262 950
1262 1028
1262 1089
1262 1106
1262 1112
1262 1239
1262 1353
1262 1463
1263 55
1263 165
1263 345
1263 688
1263 994
1263 1131
1263 1167
1263 1387
1263 1466
1264 577
1265 1265
1266 1266
1267 1267
1268 150
1268 227
1268 565
1268 590
1268 675
1268 679
1268 948
1268 1205
1268 1335
1269 133
1269 218
1269 562
1269 590
1269 679
1269 1201
1269 1385
1269 1468
1270 1270
1271 967
1272 826
1272 1219
1272 1386
1273 1273
1274 17
1274 55
1274 137
1274 160
1274 171
1274 235
1274 424
1274 562
1274 673
1274 703
1274 769
1274 823
1274 885
1274 888
1274 954
1274 967
1274 986
1274 1027
1274 1036
1274 1236
1274 1347
1274 1423
1274 1469
1274 1603
1274 1653
1274 1669
1275 101
1275 157
1275 181
1275 221
1275 230
1275 335
1275 444
1275 558
1275 590
1275 675
1275 691
1275 707
1275 754
1275 762
1275 852
1275 888
1275 930
1275 1027
1275 1064
1275 1081
1275 1184
1275 1223
1275 1237
1275 1323
1275 1339
1275 1398
1275 1456
1275 1597
1275 1684
1276 84
1276 104
1276 111
1276 199
1276 201
1276 211
1276 266
1276 287
1276 307
1276 368
1276 390
1276 503
1276 515
1276 659
1276 661
1276 852
1276 917
1276 924
1276 953
1276 954
1276 961
1276 989
1276 1047
1276 1101
1276 1104
1276 1126
1276 1191
1276 1234
1276 1344
1276 1393
1276 1446
1276 1472
1276 1482
1276 1587
1276 1667
1276 1760
1277 157
1278 38
1278 209
1278 237
1278 331
1278 720
1279 590
1279 720
1280 75
1280 230
1280 558
1280 1021
1281 40
1281 54
1281 89
1281 94
1281 118
1281 137
1281 285
1281 599
1281 1095
1281 1113
1281 1140
1281 1601
1281 1689
1282 1234
1283 255
1283 1028
1283 1033
1283 1150
1283 1166
1283 1220
1283 1305
1283 1684
1283 1687
1284 375
1284 392
1284 571
1284 1510
1285 1594
1286 393
1287 216
1287 228
1287 274
1287 644
1287 1196
1287 1275
1287 1520
1287 1545
1287 1612
1288 1365
1288 1401
1289 140
1289 222
1289 335
1289 337
1289 1466
1290 1290
1291 1291
1292 406
1292 846
1292 898
1292 1106
1293 155
1293 192
1294 61
1294 274
1294 877
1294 1031
1294 1057
1294 1082
1294 1156
1294 1760
1295 1295
1296 1636
1297 156
1297 223
1297 274
1297 1709
1298 26
1298 159
1298 230
1298 255
1298 825
1298 859
1298 1004
1298 1163
1298 1523
1298 1529
1298 1578
1299 85
1299 430
1299 1472
1300 335
1300 1248
1300 1741
1301 1301
1302 737
1303 291
1303 994
1303 1099
1303 1709
1304 41
1304 55
1304 114
1304 240
1304 312
1304 718
1304 824
1304 897
1304 898
1304 1336
1304 1378
1304 1473
1304 1483
1304 1583
1304 1683
1305 179
1305 201
1305 422
1305 445
1305 479
1305 532
1305 558
1305 561
1305 575
1305 604
1305 659
1305 994
1305 1140
1305 1166
1305 1239
1305 1283
1305 1473
1305 1518
1305 1574
1305 1597
1305 1656
1305 1683
1305 1730
1306 852
1307 1307
1308 104
1308 119
1308 230
1308 238
1308 275
1308 348
1308 584
1308 590
1308 819
1308 825
1308 892
1308 939
1308 1068
1308 1320
1308 1326
1308 1332
1308 1339
1308 1365
1308 1401
1308 1522
1308 1612
1308 1708
1308 1709
1308 1730
1309 1309
1310 1310
1311 3
1311 101
1311 755
1311 1535
1311 1730
1312 966
1313 101
1313 865
1313 1491
1314 1314
1315 75
1315 164
1315 175
1315 201
1315 223
1315 240
1315 252
1315 275
1315 375
1315 530
1315 565
1315 570
1315 766
1315 768
1315 839
1315 956
1315 981
1315 994
1315 995
1315 1062
1315 1166
1315 1196
1315 1337
1315 1428
1315 1484
1315 1503
1315 1621
1316 1316
1317 1683
1318 1318
1319 1319
1320 19
1320 47
1320 66
1320 67
1320 121
1320 155
1320 199
1320 228
1320 257
1320 261
1320 321
1320 325
1320 335
1320 367
1320 432
1320 446
1320 457
1320 466
1320 467
1320 501
1320 544
1320 558
1320 590
1320 631
1320 664
1320 673
1320 709
1320 711
1320 794
1320 834
1320 856
1320 871
1320 939
1320 965
1320 987
1320 989
1320 1037
1320 1126
1320 1173
1320 1201
1320 1207
1320 1230
1320 1237
1320 1315
1320 1324
1320 1355
1320 1439
1320 1559
1320 1583
1320 1684
1320 1716
1320 1718
1321 598
1321 1221
1322 1315
1323 132
1323 496
1323 794
1323 914
1323 1230
1323 1400
1323 1444
1323 1637
1324 55
1324 72
1324 92
1324 104
1324 119
1324 136
1324 192
1324 274
1324 289
1324 348
1324 349
1324 456
1324 519
1324 558
1324 651
1324 669
1324 691
1324 720
1324 755
1324 804
1324 885
1324 889
1324 990
1324 1026
1324 1036
1324 1119
1324 1154
1324 1156
1324 1174
1324 1234
1324 1257
1324 1320
1324 1397
1324 1398
1324 1401
1324 1414
1324 1441
1324 1457
1324 1470
1324 1513
1324 1574
1324 1583
1324 1700
1324 1715
1324 1749
1325 1571
1326 195
1326 271
1326 407
1326 544
1326 939
1326 1446
1327 853
1327 1426
1327 1749
1328 360
1328 558
1328 603
1328 691
1328 746
1328 1004
1328 1281
1328 1283
1328 1583
1328 1687
1329 291
1330 160
1330 291
1330 1021
1330 1305
1330 1331
1330 1521
1331 228
1331 446
1331 1049
1331 1330
1331 1435
1331 1583
1331 1687
1332 32
1332 165
1332 467
1332 1062
1332 1276
1332 1308
1332 1539
1332 1612
1332 1704
1333 1333
1334 888
1335 33
1335 78
1335 165
1335 223
1335 258
1335 294
1335 316
1335 407
1335 516
1335 727
1335 795
1335 876
1335 1140
1335 1220
1335 1241
1335 1275
1335 1311
1335 1315
1335 1472
1335 1527
1335 1667
1336 72
1336 155
1336 166
1336 195
1336 314
1336 335
1336 606
1336 661
1336 888
1336 1026
1336 1036
1336 1088
1336 1154
1336 1324
1336 1335
1336 1358
1336 1397
1336 1401
1336 1452
1336 1457
1336 1559
1336 1683
1336 1716
1337 269
1337 436
1337 533
1337 604
1337 679
1337 744
1337 889
1337 894
1337 973
1337 1004
1337 1188
1337 1231
1337 1255
1337 1315
1337 1339
1337 1612
1337 1683
1337 1763
1338 246
1338 641
1338 645
1338 861
1338 1004
1338 1095
1338 1166
1338 1297
1338 1434
1338 1683
1339 55
1339 171
1339 193
1339 201
1339 225
1339 275
1339 443
1339 603
1339 924
1339 939
1339 974
1339 986
1339 1033
1339 1106
1339 1164
1339 1219
1339 1324
1339 1351
1339 1470
1339 1574
1339 1587
1339 1680
1340 893
1340 1669
1341 1341
1342 1342
1343 66
1343 941
1344 167
1344 238
1344 304
1344 372
1344 392
1344 637
1344 973
1344 1024
1344 1324
1344 1453
1344 1496
1344 1646
1345 1439
1347 229
1347 258
1347 558
1347 774
1347 856
1347 952
1347 1004
1347 1065
1347 1152
1347 1321
1347 1354
1347 1355
1347 1419
1347 1676
1348 1348
1349 107
1349 230
1349 865
1349 904
1349 1276
1349 1719
1349 1760
1350 1350
1351 160
1351 300
1351 527
1351 545
1351 586
1351 590
1351 725
1351 754
1351 830
1351 1365
1351 1563
1351 1683
1352 1352
1353 252
1353 407
1353 1233
1354 256
1354 774
1354 1698
1355 188
1355 650
1355 955
1355 973
1355 1152
1355 1347
1355 1686
1355 1716
1356 22
1356 153
1356 406
1356 652
1356 1229
1356 1500
1356 1595
1357 18
1357 171
1357 457
1357 1324
1357 1621
1357 1749
1358 43
1358 195
1358 230
1358 392
1358 532
1358 809
1358 1027
1358 1163
1358 1234
1358 1276
1358 1336
1358 1446
1358 1457
1359 701
1360 116
1360 275
1360 294
1360 345
1360 457
1360 500
1360 590
1360 655
1360 676
1360 717
1360 720
1360 741
1360 1056
1360 1233
1360 1365
1360 1398
1360 1509
1360 1523
1360 1550
1360 1594
1360 1612
1360 1676
1360 1730
1361 38
1361 329
1361 392
1361 586
1361 604
1361 660
1361 691
1361 709
1361 754
1361 868
1361 1088
1361 1647
1361 1700
1363 291
1363 565
1363 1081
1364 219
1364 271
1364 590
1364 1207
1364 1581
1365 139
1365 178
1365 179
1365 278
1365 290
1365 329
1365 335
1365 405
1365 484
1365 490
1365 513
1365 532
1365 644
1365 662
1365 710
1365 769
1365 804
1365 825
1365 1044
1365 1092
1365 1248
1365 1308
1365 1324
1365 1351
1365 1472
1365 1483
1365 1520
1365 1530
1365 1594
1365 1715
1365 1727
1365 1763
1367 1732
1368 1368
1369 1369
1371 1026
1372 157
1372 859
1372 967
1372 981
1372 1106
1372 1709
1374 1355
1375 685
1375 853
1375 923
1376 1376
1377 92
1377 102
1377 344
1377 357
1378 289
1378 991
1378 1026
1378 1069
1378 1088
1378 1223
1379 103
1379 239
1379 1471
1380 545
1380 558
1380 696
1380 864
1380 981
1380 1106
1380 1178
1380 1656
1381 1381
1382 230
1383 275
1383 794
1383 957
1383 1484
1383 1594
1384 889
1384 1365
1384 1446
1385 55
1385 63
1385 114
1385 118
1385 137
1385 235
1385 258
1385 716
1385 756
1385 802
1385 987
1385 1039
1385 1060
1385 1206
1385 1237
1385 1248
1385 1401
1385 1467
1385 1468
1385 1556
1385 1683
1385 1700
1385 1730
1385 1732
1386 62
1386 123
1386 134
1386 263
1386 587
1386 1184
1386 1272
1386 1372
1386 1377
1386 1520
1387 794
1387 1741
1388 1388
1389 435
1389 1410
1390 859
1390 888
1390 931
1390 1530
1390 1737
1391 699
1392 1392
1393 88
1393 92
1393 166
1393 193
1393 380
1393 505
1393 553
1393 558
1393 691
1393 819
1393 821
1393 868
1393 990
1393 1014
1393 1066
1393 1081
1393 1184
1393 1216
1393 1360
1394 104
1394 201
1394 357
1394 725
1394 967
1394 1203
1394 1237
1394 1530
1395 118
1395 285
1395 291
1395 358
1395 558
1395 819
1395 994
1395 1078
1395 1139
1395 1142
1395 1166
1395 1484
1395 1503
1395 1532
1396 179
1396 397
1396 461
1397 65
1397 78
1397 101
1397 103
1397 155
1397 166
1397 216
1397 335
1397 344
1397 484
1397 606
1397 645
1397 717
1397 755
1397 888
1397 994
1397 1028
1397 1036
1397 1106
1397 1125
1397 1134
1397 1159
1397 1183
1397 1313
1397 1324
1397 1365
1397 1393
1397 1453
1397 1495
1397 1612
1397 1715
1397 1749
1398 118
1398 223
1398 255
1398 349
1398 675
1398 819
1398 1275
1398 1283
1398 1626
1398 1737
1399 345
1400 1058
1400 1478
1401 1
1401 32
1401 94
1401 100
1401 119
1401 216
1401 241
1401 266
1401 274
1401 291
1401 349
1401 392
1401 407
1401 533
1401 619
1401 636
1401 736
1401 812
1401 862
1401 966
1401 1028
1401 1166
1401 1237
1401 1288
1401 1305
1401 1441
1401 1457
1401 1597
1401 1624
1401 1670
1401 1682
1401 1715
1402 160
1402 344
1402 724
1402 859
1402 1081
1402 1274
1402 1423
1402 1597
1402 1610
1403 1680
1404 4
1404 259
1404 266
1404 604
1404 670
1404 1300
1404 1554
1405 1405
1406 645
1406 1026
1406 1076
1406 1229
1406 1459
1406 1606
1407 1407
1408 346
1409 1409
1410 140
1410 240
1410 392
1410 538
1410 590
1410 819
1410 1034
1410 1297
1410 1389
1410 1452
1410 1683
1410 1702
1411 116
1411 811
1412 119
1412 392
1412 397
1412 565
1412 1011
1412 1353
1412 1683
1413 1413
1414 75
1414 88
1414 92
1414 171
1414 192
1414 262
1414 335
1414 558
1414 596
1414 689
1414 852
1414 927
1414 981
1414 990
1414 1024
1414 1219
1414 1233
1414 1234
1414 1339
1414 1365
1414 1601
1415 104
1415 214
1415 291
1415 1151
1416 1416
1417 1417
1419 158
1419 263
1419 339
1419 457
1419 873
1419 893
1419 1036
1419 1049
1419 1162
1419 1191
1419 1347
1419 1684
1420 240
1421 282
1422 1543
1423 63
1423 132
1423 137
1423 193
1423 201
1423 229
1423 291
1423 462
1423 518
1423 527
1423 531
1423 628
1423 634
1423 644
1423 864
1423 930
1423 1046
1423 1064
1423 1154
1423 1257
1423 1351
1423 1353
1423 1385
1423 1516
1423 1565
1423 1587
1423 1677
1424 64
1424 101
1424 391
1424 688
1424 691
1424 714
1424 718
1424 755
1424 788
1424 815
1424 878
1424 942
1424 1021
1424 1066
1424 1113
1424 1500
1424 1523
1425 1425
1426 685
1426 687
1426 1503
1427 1656
1428 874
1429 101
1429 230
1429 248
1429 434
1429 596
1429 849
1429 931
1429 975
1429 981
1429 1113
1429 1184
1429 1230
1429 1248
1429 1331
1430 565
1430 794
1430 1004
1430 1517
1430 1518
1430 1597
1430 1683
1431 325
1431 617
1432 1432
1433 1433
1434 443
1434 675
1434 691
1434 996
1434 1102
1434 1326
1434 1344
1435 789
1435 1331
1435 1434
1436 758
1437 1437
1438 894
1438 983
1439 164
1439 349
1439 455
1439 773
1439 795
1439 819
1439 844
1439 994
1439 1401
1440 160
1441 113
1441 144
1441 216
1441 314
1441 1365
1441 1384
1441 1401
1441 1496
1441 1619
1441 1704
1442 43
1443 1597
1444 132
1444 431
1444 1022
1444 1115
1444 1323
1444 1760
1445 330
1445 546
1445 1587
1446 38
1446 55
1446 167
1446 195
1446 358
1446 392
1446 456
1446 462
1446 538
1446 575
1446 639
1446 675
1446 815
1446 877
1446 994
1446 1026
1446 1053
1446 1234
1446 1384
1446 1496
1446 1578
1447 289
1448 1448
1449 294
1449 425
1449 565
1449 1464
1449 1616
1450 192
1450 407
1450 954
1450 1004
1450 1106
1451 1451
1452 348
1452 533
1452 662
1452 1289
1452 1336
1452 1429
1453 1274
1453 1305
1454 1454
1455 1496
1456 278
1456 575
1456 1154
1456 1275
1456 1308
1456 1365
1456 1677
1457 104
1457 106
1457 152
1457 457
1457 565
1457 889
1457 955
1457 1234
1457 1324
1457 1401
1457 1520
1457 1533
1457 1612
1457 1656
1457 1686
1457 1727
1457 1756
1458 1458
1459 160
1459 193
1459 830
1459 865
1459 1229
1459 1406
1459 1529
1459 1653
1461 1461
1462 337
1463 408
1463 858
1463 1159
1464 4
1464 54
1464 92
1464 258
1464 291
1464 347
1464 392
1464 496
1464 725
1464 770
1464 831
1464 859
1464 1449
1464 1520
1464 1597
1465 533
1465 665
1465 1517
1465 1550
1465 1680
1465 1731
1466 126
1467 235
1467 1385
1467 1423
1468 119
1468 160
1468 193
1468 310
1468 505
1468 634
1468 1363
1468 1459
1468 1730
1469 66
1469 112
1469 346
1469 558
1469 773
1469 894
1469 1274
1469 1596
1470 4
1470 111
1470 249
1470 456
1470 662
1470 799
1470 946
1470 1168
1470 1276
1470 1324
1471 571
1472 55
1472 84
1472 101
1472 167
1472 348
1472 948
1472 1069
1472 1163
1472 1262
1472 1276
1472 1315
1472 1484
1472 1709
1473 88
1473 118
1473 230
1473 590
1473 981
1473 1004
1473 1163
1474 1474
1475 1475
1476 983
1477 1477
1478 1737
1479 1
1479 127
1479 338
1479 788
1479 1088
1481 1481
1482 72
1482 1234
1482 1276
1482 1320
1482 1397
1483 323
1483 513
1483 590
1483 678
1483 886
1483 1003
1483 1026
1483 1088
1483 1421
1484 26
1484 104
1484 118
1484 216
1484 218
1484 245
1484 274
1484 358
1484 488
1484 506
1484 565
1484 637
1484 703
1484 794
1484 827
1484 876
1484 930
1484 1186
1484 1237
1484 1401
1484 1472
1484 1597
1484 1715
1484 1760
1485 1485
1486 1685
1487 1487
1488 431
1489 1489
1490 638
1490 826
1490 1027
1490 1569
1490 1763
1491 986
1491 1236
1491 1680
1492 987
1492 1170
1492 1248
1492 1299
1492 1565
1492 1737
1493 1493
1494 186
1494 258
1494 285
1494 835
1495 456
1495 676
1495 879
1495 1139
1495 1320
1495 1624
1496 107
1496 175
1496 228
1496 304
1496 494
1496 561
1496 626
1496 675
1496 755
1496 841
1496 946
1496 979
1496 1064
1496 1112
1496 1191
1496 1338
1496 1365
1496 1385
1496 1502
1496 1554
1496 1719
1497 1497
1498 297
1498 310
1498 660
1498 1292
1499 1565
1500 101
1500 841
1500 860
1500 890
1500 1139
1500 1356
1502 479
1502 1028
1502 1305
1502 1760
1503 123
1503 165
1503 274
1503 310
1503 334
1503 392
1503 516
1503 570
1503 581
1503 590
1503 640
1503 679
1503 765
1503 931
1503 1332
1503 1375
1503 1395
1503 1397
1503 1426
1503 1545
1503 1593
1503 1615
1504 425
1505 1505
1506 129
1506 952
1506 1152
1506 1355
1506 1686
1507 1507
1508 100
1508 487
1508 1056
1509 1186
1510 720
1510 859
1510 863
1510 1033
1510 1035
1510 1106
1510 1281
1510 1386
1510 1575
1510 1657
1511 604
1512 140
1512 662
1512 1004
1512 1156
1513 599
1513 673
1513 927
1513 1049
1513 1195
1514 558
1514 1638
1515 1515
1516 101
1516 545
1516 558
1516 562
1516 1088
1516 1184
1516 1216
1516 1257
1516 1708
1516 1719
1517 33
1517 168
1517 266
1517 420
1517 479
1517 480
1517 991
1517 1469
1517 1523
1517 1760
1518 146
1518 160
1518 457
1518 558
1518 621
1518 628
1518 710
1518 737
1518 810
1518 1126
1518 1393
1518 1574
1518 1597
1518 1653
1518 1762
1519 128
1519 267
1519 358
1519 866
1519 911
1519 944
1519 1588
1519 1607
1519 1647
1519 1719
1520 155
1520 179
1520 216
1520 349
1520 565
1520 581
1520 679
1520 756
1520 775
1520 801
1520 815
1520 864
1520 875
1520 1018
1520 1049
1520 1082
1520 1089
1520 1103
1520 1112
1520 1156
1520 1212
1520 1308
1520 1330
1520 1365
1520 1397
1520 1415
1520 1530
1520 1559
1520 1690
1520 1708
1520 1761
1521 559
1521 617
1521 1021
1521 1142
1521 1445
1521 1534
1521 1587
1523 214
1523 631
1523 970
1523 989
1523 1046
1523 1091
1523 1298
1523 1676
1523 1724
1524 1524
1525 505
1525 675
1525 871
1525 1060
1525 1230
1525 1591
1525 1755
1526 1526
1527 407
1527 1335
1528 119
1528 581
1528 1708
1529 166
1529 606
1529 886
1529 1027
1529 1119
1529 1683
1529 1716
1530 62
1530 160
1530 167
1530 245
1530 294
1530 310
1530 456
1530 458
1530 470
1530 472
1530 489
1530 508
1530 535
1530 581
1530 590
1530 662
1530 726
1530 771
1530 785
1530 898
1530 952
1530 994
1530 1018
1530 1365
1530 1372
1530 1520
1530 1624
1532 190
1532 381
1532 604
1532 644
1532 795
1532 908
1532 983
1532 1395
1532 1534
1533 364
1533 966
1533 1166
1533 1359
1534 1337
1534 1532
1534 1627
1534 1704
1535 736
1535 891
1536 1676
1537 373
1537 1684
1538 1538
1539 104
1539 137
1539 191
1539 247
1539 265
1539 275
1539 287
1539 321
1539 456
1539 558
1539 575
1539 636
1539 781
1539 888
1539 1036
1539 1106
1539 1119
1539 1163
1539 1207
1539 1320
1539 1324
1539 1336
1539 1397
1539 1459
1539 1749
1540 186
1540 634
1540 768
1540 839
1540 898
1540 979
1540 1091
1540 1735
1540 1753
1542 1542
1543 138
1543 286
1543 739
1543 1422
1543 1582
1544 1239
1545 348
1545 467
1545 1026
1545 1078
1545 1360
1545 1731
1545 1761
1546 675
1546 1594
1547 984
1547 1559
1548 137
1548 192
1548 397
1549 304
1549 831
1549 1087
1549 1344
1550 89
1550 92
1550 144
1550 152
1550 160
1550 201
1550 550
1550 565
1550 649
1550 952
1550 1004
1550 1174
1550 1189
1550 1201
1550 1360
1550 1373
1550 1483
1550 1575
1550 1611
1551 1004
1552 966
1552 1627
1554 543
1554 868
1554 1026
1554 1404
1554 1621
1555 1555
1556 881
1556 1028
1557 1557
1558 1558
1559 5
1559 222
1559 826
1559 897
1559 1320
1559 1358
1559 1378
1559 1547
1559 1707
1559 1732
1560 569
1560 1289
1560 1450
1560 1614
1560 1700
1561 228
1561 335
1561 1525
1562 565
1562 1510
1563 101
1563 119
1563 160
1563 179
1563 392
1563 1014
1563 1121
1563 1274
1563 1764
1564 894
1564 984
1564 1683
1565 90
1565 111
1565 501
1565 1138
1565 1325
1565 1423
1565 1492
1565 1597
1565 1737
1566 1566
1567 679
1567 1004
1568 1568
1569 79
1569 94
1569 172
1569 263
1569 266
1569 422
1569 513
1569 587
1569 826
1569 953
1569 1026
1569 1062
1569 1159
1569 1219
1569 1274
1569 1430
1569 1683
1569 1763
1570 1686
1571 1138
1572 433
1572 841
1572 855
1572 1061
1573 880
1574 12
1574 23
1574 100
1574 119
1574 193
1574 218
1574 233
1574 292
1574 340
1574 358
1574 392
1574 505
1574 527
1574 532
1574 545
1574 568
1574 599
1574 631
1574 637
1574 669
1574 691
1574 749
1574 755
1574 781
1574 927
1574 994
1574 1064
1574 1081
1574 1090
1574 1124
1574 1140
1574 1154
1574 1184
1574 1206
1574 1257
1574 1269
1574 1308
1574 1351
1574 1468
1574 1563
1574 1656
1574 1676
1574 1684
1574 1730
1574 1761
1575 77
1575 314
1575 651
1575 974
1575 1187
1575 1325
1575 1521
1575 1683
1576 118
1576 1683
1577 1004
1577 1539
1577 1683
1578 314
1578 645
1578 1113
1578 1298
1578 1695
1579 1579
1580 1580
1581 98
1581 490
1581 607
1581 766
1581 1195
1583 104
1583 707
1583 859
1583 1150
1583 1320
1584 893
1584 952
1584 1004
1585 319
1585 392
1585 544
1585 679
1585 1004
1585 1007
1585 1028
1585 1587
1585 1683
1586 1586
1587 94
1587 101
1587 246
1587 275
1587 438
1587 467
1587 631
1587 641
1587 664
1587 750
1587 785
1587 814
1587 890
1587 948
1587 1054
1587 1276
1587 1386
1587 1423
1587 1464
1587 1479
1587 1525
1587 1560
1587 1574
1587 1663
1587 1707
1587 1763
1588 348
1588 371
1588 457
1588 696
1588 1027
1588 1139
1588 1207
1589 1589
1591 321
1591 358
1591 990
1591 1401
1591 1683
1592 252
1592 831
1592 1424
1593 1034
1593 1619
1593 1627
1594 91
1594 157
1594 171
1594 244
1594 256
1594 264
1594 275
1594 315
1594 356
1594 407
1594 457
1594 651
1594 665
1594 675
1594 703
1594 717
1594 723
1594 755
1594 899
1594 957
1594 986
1594 1008
1594 1031
1594 1047
1594 1069
1594 1126
1594 1201
1594 1365
1594 1518
1594 1588
1594 1631
1594 1730
1594 1731
1594 1736
1594 1737
1595 1356
1595 1683
1597 40
1597 103
1597 118
1597 166
1597 201
1597 274
1597 290
1597 292
1597 364
1597 449
1597 474
1597 552
1597 575
1597 641
1597 644
1597 695
1597 696
1597 724
1597 725
1597 755
1597 762
1597 807
1597 881
1597 913
1597 987
1597 994
1597 1066
1597 1101
1597 1126
1597 1237
1597 1303
1597 1423
1597 1459
1597 1473
1597 1484
1597 1509
1597 1522
1597 1565
1597 1676
1597 1683
1597 1684
1597 1756
1597 1761
1598 1598
1599 43
1599 165
1599 1071
1599 1088
1600 392
1601 250
1601 279
1601 325
1601 817
1601 836
1601 888
1601 967
1601 1061
1601 1174
1601 1184
1601 1324
1601 1414
1601 1540
1602 1602
1603 55
1603 69
1603 152
1603 167
1603 335
1603 831
1603 1112
1603 1274
1603 1299
1603 1434
1604 1446
1604 1661
1605 137
1606 558
1606 590
1606 688
1606 898
1607 138
1607 684
1607 989
1607 1543
1608 1608
1609 279
1610 290
1610 804
1611 201
1611 335
1611 990
1611 1276
1611 1315
1611 1679
1612 26
1612 58
1612 78
1612 104
1612 155
1612 195
1612 219
1612 225
1612 274
1612 291
1612 334
1612 349
1612 358
1612 436
1612 474
1612 495
1612 506
1612 535
1612 544
1612 590
1612 634
1612 676
1612 701
1612 714
1612 811
1612 834
1612 866
1612 877
1612 894
1612 900
1612 931
1612 994
1612 1076
1612 1078
1612 1082
1612 1225
1612 1308
1612 1324
1612 1332
1612 1335
1612 1424
1612 1439
1612 1441
1612 1446
1612 1484
1612 1530
1612 1545
1612 1588
1612 1593
1612 1619
1612 1636
1612 1731
1613 432
1615 101
1615 271
1615 570
1615 923
1615 1078
1615 1237
1615 1410
1615 1503
1616 438
1616 529
1616 1146
1616 1565
1616 1669
1617 103
1617 291
1617 1347
1618 1618
1619 216
1619 271
1619 651
1619 931
1619 1029
1619 1156
1619 1683
1620 1620
1621 111
1621 372
1621 570
1621 679
1621 766
1621 811
1621 894
1621 981
1621 986
1621 1154
1621 1216
1621 1357
1621 1715
1623 675
1623 1276
1624 119
1624 358
1624 374
1624 570
1624 1166
1625 156
1625 339
1625 848
1626 349
1626 1251
1626 1320
1627 140
1627 201
1627 521
1627 974
1627 983
1627 1034
1627 1101
1627 1218
1627 1276
1627 1386
1627 1552
1628 1257
1629 1629
1630 1347
1632 453
1632 1088
1632 1122
1632 1704
1633 1209
1634 155
1636 464
1636 470
1636 600
1636 916
1636 1296
1637 558
1637 590
1637 952
1637 955
1637 965
1637 1323
1638 291
1638 1064
1638 1436
1638 1514
1639 964
1641 1641
1642 409
1642 565
1642 738
1642 1154
1643 279
1644 112
1644 737
1644 1434
1645 101
1645 137
1645 537
1645 709
1646 1180
1647 1320
1647 1519
1648 278
1648 1587
1649 1649
1650 290
1651 1651
1652 1652
1653 55
1653 155
1653 159
1653 413
1653 558
1653 1090
1653 1237
1653 1274
1653 1418
1653 1419
1653 1732
1655 1518
1656 201
1656 492
1656 531
1656 558
1656 565
1656 669
1656 756
1656 1247
1656 1248
1656 1305
1656 1393
1656 1402
1656 1574
1656 1666
1657 19
1657 156
1657 679
1657 737
1657 859
1657 903
1657 959
1657 981
1657 1138
1657 1179
1657 1320
1657 1550
1657 1574
1657 1684
1658 1553
1659 1659
1660 1660
1661 230
1661 892
1661 1028
1661 1062
1661 1160
1661 1503
1661 1556
1661 1597
1662 1612
1663 747
1663 1414
1663 1550
1663 1587
1665 1665
1666 165
1666 1436
1667 290
1667 561
1667 888
1667 1113
1667 1230
1667 1335
1667 1365
1667 1397
1667 1484
1667 1676
1667 1738
1668 1668
1669 15
1669 277
1669 424
1669 1274
1669 1340
1670 349
1670 397
1670 1401
1670 1471
1671 1125
1671 1209
1672 1672
1673 111
1673 431
1673 571
1674 218
1675 466
1675 794
1676 75
1676 101
1676 166
1676 218
1676 245
1676 300
1676 364
1676 432
1676 638
1676 781
1676 849
1676 905
1676 909
1676 965
1676 967
1676 973
1676 1020
1676 1349
1676 1360
1676 1531
1676 1536
1676 1574
1676 1605
1676 1667
1676 1680
1676 1683
1676 1686
1676 1700
1676 1736
1677 264
1677 380
1677 859
1677 1121
1677 1138
1677 1423
1677 1574
1678 271
1678 334
1678 881
1678 1166
1678 1395
1678 1533
1679 4
1679 220
1679 392
1679 865
1679 994
1679 1284
1679 1573
1679 1738
1680 92
1680 480
1680 1339
1681 1681
1682 275
1682 436
1682 538
1682 566
1682 675
1682 1760
1683 0
1683 26
1683 58
1683 78
1683 85
1683 118
1683 128
1683 157
1683 223
1683 225
1683 265
1683 275
1683 287
1683 335
1683 404
1683 406
1683 407
1683 467
1683 515
1683 538
1683 566
1683 590
1683 603
1683 644
1683 669
1683 748
1683 755
1683 794
1683 797
1683 829
1683 839
1683 846
1683 858
1683 876
1683 931
1683 954
1683 962
1683 971
1683 981
1683 1007
1683 1018
1683 1037
1683 1062
1683 1081
1683 1156
1683 1166
1683 1171
1683 1189
1683 1276
1683 1304
1683 1308
1683 1317
1683 1332
1683 1335
1683 1336
1683 1359
1683 1391
1683 1399
1683 1412
1683 1429
1683 1446
1683 1456
1683 1552
1683 1569
1683 1573
1683 1575
1683 1577
1683 1600
1683 1612
1683 1621
1683 1706
1683 1709
1684 186
1684 265
1684 291
1684 1049
1684 1113
1684 1275
1684 1324
1684 1574
1684 1653
1684 1686
1684 1707
1685 865
1685 1365
1686 359
1686 373
1686 386
1686 643
1686 920
1686 948
1686 952
1686 1152
1686 1274
1686 1299
1686 1355
1686 1428
1687 158
1687 736
1687 888
1687 1047
1687 1106
1687 1164
1687 1237
1687 1320
1687 1328
1687 1331
1687 1587
1688 19
1688 450
1688 1036
1688 1048
1688 1153
1689 1140
1689 1281
1690 589
1690 966
1690 994
1690 1004
1691 103
1691 562
1691 981
1692 1692
1693 127
1693 263
1693 513
1693 886
1693 1088
1693 1159
1693 1278
1694 274
1694 725
1694 785
1695 111
1695 271
1695 358
1695 407
1695 544
1695 570
1695 812
1695 900
1695 923
1695 994
1695 1166
1695 1365
1695 1410
1695 1533
1695 1578
1695 1727
1696 1696
1697 1071
1698 507
1698 785
1698 821
1698 1730
1699 1223
1699 1320
1700 101
1700 781
1700 864
1700 1361
1700 1560
1700 1574
1701 1701
1702 224
1703 1703
1704 54
1704 81
1704 163
1704 230
1704 344
1704 350
1704 353
1704 416
1704 521
1704 565
1704 641
1704 675
1704 755
1704 794
1704 795
1704 889
1704 983
1704 1049
1704 1089
1704 1155
1704 1339
1704 1539
1704 1603
1704 1683
1705 1705
1706 40
1706 94
1706 165
1706 375
1706 841
1706 1018
1706 1732
1707 55
1707 155
1707 561
1707 590
1707 664
1707 755
1707 987
1707 994
1707 1106
1707 1207
1707 1324
1707 1397
1707 1419
1707 1574
1707 1683
1707 1684
1708 178
1708 275
1708 581
1708 590
1708 691
1708 741
1708 754
1708 804
1708 819
1708 994
1708 1007
1708 1184
1708 1412
1708 1615
1708 1683
1709 101
1709 118
1709 136
1709 192
1709 239
1709 345
1709 360
1709 402
1709 406
1709 526
1709 565
1709 590
1709 628
1709 673
1709 707
1709 780
1709 801
1709 859
1709 897
1709 959
1709 966
1709 1004
1709 1076
1709 1154
1709 1207
1709 1212
1709 1336
1709 1364
1709 1372
1709 1397
1709 1423
1709 1469
1709 1472
1709 1496
1709 1519
1709 1575
1709 1680
1709 1760
1710 1004
1710 1719
1711 424
1711 1366
1711 1383
1712 201
1712 804
1713 258
1713 1479
1713 1594
1714 1714
1715 72
1715 104
1715 157
1715 859
1715 888
1715 1026
1715 1207
1715 1276
1715 1324
1715 1336
1715 1358
1715 1401
1715 1484
1715 1621
1715 1683
1715 1704
1716 10
1716 84
1716 678
1716 868
1716 1004
1716 1308
1716 1355
1717 1049
1718 138
1718 230
1718 684
1718 791
1718 807
1718 1004
1718 1607
1719 38
1719 89
1719 302
1719 554
1719 620
1719 684
1719 710
1719 1171
1719 1189
1719 1233
1719 1349
1719 1393
1721 366
1721 443
1722 1185
1722 1709
1723 1723
1724 179
1724 957
1726 1726
1727 345
1727 348
1727 613
1727 651
1727 1066
1727 1248
1727 1315
1727 1612
1727 1695
1728 1728
1729 1729
1730 8
1730 68
1730 111
1730 179
1730 360
1730 375
1730 388
1730 429
1730 518
1730 531
1730 560
1730 651
1730 673
1730 781
1730 821
1730 861
1730 888
1730 910
1730 1004
1730 1005
1730 1091
1730 1092
1730 1136
1730 1159
1730 1206
1730 1305
1730 1380
1730 1385
1730 1446
1730 1467
1730 1516
1730 1594
1731 107
1731 127
1731 165
1731 246
1731 260
1731 263
1731 274
1731 294
1731 345
1731 348
1731 424
1731 534
1731 600
1731 628
1731 659
1731 665
1731 720
1731 723
1731 956
1731 966
1731 1004
1731 1024
1731 1078
1731 1219
1731 1360
1731 1393
1731 1398
1731 1523
1731 1569
1731 1612
1731 1719
1732 158
1732 350
1732 359
1732 397
1732 451
1732 599
1732 725
1732 1160
1732 1337
1732 1541
1732 1559
1733 263
1734 766
1734 819
1734 1026
1734 1180
1734 1234
1734 1397
1734 1517
1735 12
1735 94
1735 1520
1736 137
1736 558
1736 826
1736 939
1736 967
1736 1026
1736 1125
1736 1195
1736 1737
1737 1
1737 68
1737 89
1737 100
1737 101
1737 119
1737 140
1737 218
1737 223
1737 230
1737 252
1737 258
1737 274
1737 294
1737 342
1737 368
1737 437
1737 527
1737 644
1737 665
1737 674
1737 703
1737 708
1737 714
1737 717
1737 720
1737 723
1737 819
1737 893
1737 1006
1737 1034
1737 1081
1737 1178
1737 1189
1737 1201
1737 1255
1737 1274
1737 1315
1737 1337
1737 1365
1737 1395
1737 1410
1737 1478
1737 1656
1737 1683
1737 1731
1737 1736
1737 1762
1738 104
1738 392
1738 431
1738 962
1738 1057
1738 1397
1738 1520
1738 1611
1738 1667
1739 875
1740 1740
1741 1048
1743 1743
1744 1744
1745 201
1745 372
1745 480
1745 849
1747 819
1747 1320
1747 1429
1747 1594
1748 1748
1749 191
1749 927
1749 1195
1749 1357
1749 1397
1749 1539
1750 252
1751 134
1751 1033
1752 275
1752 650
1752 669
1752 766
1752 862
1752 953
1752 994
1753 63
1753 406
1753 550
1753 1140
1753 1414
1753 1569
1753 1597
1754 1754
1755 55
1755 505
1755 795
1755 821
1755 1525
1755 1679
1756 291
1756 1081
1757 47
1757 466
1757 1026
1757 1256
1758 1161
1759 338
1759 425
1759 893
1759 1191
1760 69
1760 171
1760 181
1760 184
1760 238
1760 241
1760 362
1760 549
1760 636
1760 645
1760 755
1760 811
1760 1182
1760 1203
1760 1231
1760 1294
1760 1338
1760 1401
1760 1441
1760 1502
1760 1550
1760 1587
1760 1682
1760 1742
1761 195
1761 271
1761 565
1761 1260
1761 1503
1761 1520
1761 1545
1762 92
1762 192
1762 218
1762 219
1762 291
1762 311
1762 456
1762 691
1762 720
1762 754
1762 888
1762 1064
1762 1414
1762 1627
1763 238
1763 367
1763 444
1763 490
1763 717
1763 831
1763 1338
1764 636
1764 1563
1765 364
1765 679
1766 697
