0 1377
1 1635
2 205
3 1550
4 1336
5 185
6 218
7 521
8 785
9 411
10 1131
11 955
12 1312
13 82
14 1225
15 1413
16 897
17 1558
18 1182
19 949
20 495
21 1273
22 773
23 159
24 109
25 553
26 627
27 1146
28 915
29 1234
30 838
31 604
32 1285
33 679
34 766
35 353
36 1398
37 286
38 49
39 1643
40 620
41 724
42 986
43 1313
44 1305
45 588
46 978
47 1374
48 318
49 1017
50 1133
51 1520
52 1200
53 1435
54 1695
55 1027
56 5
57 1287
58 424
59 1393
60 83
61 669
62 1762
63 315
64 930
65 108
66 642
67 768
68 1746
69 1644
70 436
71 365
72 1452
73 1726
74 1493
75 41
76 275
77 75
78 295
79 1300
80 646
81 1753
82 503
83 1581
84 1061
85 1352
86 1025
87 734
88 1710
89 1344
90 157
91 1037
92 911
93 387
94 147
95 155
96 1573
97 1745
98 901
99 1457
100 626
101 1712
102 354
103 1494
104 1222
105 1050
106 783
107 622
108 302
109 1003
110 888
111 101
112 1529
113 488
114 1183
115 207
116 733
117 1615
118 1113
119 1596
120 352
121 1192
122 36
123 904
124 928
125 201
126 676
127 849
128 608
129 583
130 165
131 38
132 984
133 1207
134 977
135 617
136 1526
137 299
138 371
139 1226
140 74
141 1654
142 1345
143 190
144 489
145 1743
146 1758
147 1115
148 562
149 745
150 573
151 1144
152 1315
153 1112
154 631
155 226
156 1634
157 780
158 1537
159 1129
160 1688
161 681
162 700
163 1110
164 778
165 1149
166 1701
167 1004
168 697
169 517
170 811
171 337
172 239
173 1385
174 1530
175 576
176 547
177 1283
178 1391
179 249
180 579
181 263
182 1090
183 1721
184 1736
185 1611
186 1735
187 623
188 1008
189 1361
190 571
191 196
192 1193
193 1464
194 852
195 825
196 975
197 357
198 332
199 10
200 1428
201 1575
202 1763
203 1358
204 68
205 393
206 713
207 1720
208 120
209 462
210 325
211 1176
212 624
213 439
214 822
215 1744
216 1059
217 1254
218 1259
219 909
220 980
221 1375
222 1472
223 611
224 395
225 1122
226 1648
227 1515
228 273
229 1616
230 736
231 761
232 1655
233 831
234 1432
235 1102
236 499
237 1593
238 630
239 1103
240 708
241 1724
242 885
243 212
244 1569
245 431
246 687
247 184
248 1203
249 609
250 1024
251 859
252 513
253 810
254 481
255 1317
256 568
257 1751
258 1159
259 123
260 364
261 1499
262 563
263 587
264 261
265 921
266 1757
267 672
268 1640
269 653
270 721
271 482
272 26
273 347
274 1148
275 1195
276 1327
277 777
278 551
279 903
280 1547
281 535
282 1064
283 828
284 1408
285 1692
286 931
287 311
288 369
289 498
290 760
291 1447
292 478
293 1525
294 538
295 1244
296 476
297 238
298 1155
299 905
300 1275
301 166
302 406
303 1702
304 874
305 430
306 1332
307 605
308 634
309 176
310 225
311 531
312 1209
313 560
314 1715
315 807
316 1495
317 368
318 373
319 1510
320 1722
321 961
322 1322
323 902
324 183
325 1450
326 1118
327 1211
328 891
329 1152
330 1451
331 1338
332 140
333 1693
334 1077
335 1433
336 1224
337 829
338 1383
339 335
340 1694
341 350
342 1202
343 224
344 927
345 916
346 54
347 558
348 1249
349 790
350 1500
351 1342
352 789
353 425
354 421
355 883
356 1210
357 667
358 610
359 524
360 20
361 866
362 1691
363 102
364 1348
365 65
366 834
367 204
368 1659
369 597
370 1121
371 1230
372 1610
373 1437
374 139
375 492
376 1078
377 527
378 853
379 919
380 1639
381 758
382 1047
383 712
384 1394
385 1467
386 1163
387 1473
388 974
389 803
390 1738
391 549
392 658
393 426
394 656
395 689
396 762
397 1449
398 692
399 1101
400 590
401 1380
402 972
403 1471
404 1527
405 1755
406 1741
407 1033
408 340
409 1671
410 1546
411 1646
412 1732
413 1363
414 1297
415 756
416 738
417 948
418 1308
419 940
420 1645
421 408
422 84
423 1188
424 1672
425 925
426 577
427 654
428 1498
429 1325
430 666
431 1281
432 1005
433 823
434 1120
435 1035
436 935
437 1531
438 1429
439 1548
440 1384
441 842
442 1594
443 1633
444 148
445 1295
446 574
447 175
448 1405
449 56
450 414
451 1660
452 1356
453 14
454 1038
455 1141
456 898
457 728
458 520
459 90
460 144
461 774
462 1465
463 291
464 1260
465 1015
466 943
467 661
468 1054
469 1507
470 103
471 786
472 647
473 402
474 1504
475 37
476 131
477 1426
478 265
479 1675
480 17
481 1096
482 250
483 418
484 871
485 67
486 944
487 1587
488 1065
489 533
490 945
491 1
492 732
493 1229
494 841
495 1347
496 629
497 1186
498 709
499 753
500 1539
501 388
502 1422
503 552
504 1266
505 235
506 710
507 716
508 477
509 1552
510 1620
511 1341
512 162
513 1314
514 363
515 1534
516 1519
517 386
518 918
519 264
520 845
521 1302
522 1414
523 1704
524 793
525 1420
526 1028
527 1355
528 788
529 1371
530 1617
531 673
532 691
533 546
534 555
535 105
536 1236
537 772
538 735
539 1410
540 890
541 43
542 1276
543 1403
544 1719
545 210
546 1190
547 1137
548 764
549 816
550 906
551 433
552 1623
553 390
554 809
555 1019
556 346
557 1053
558 34
559 1553
560 1301
561 1522
562 994
563 244
564 1396
565 1071
566 230
567 169
568 193
569 1543
570 641
571 878
572 99
573 1157
574 585
575 1555
576 438
577 1463
578 298
579 815
580 7
581 1108
582 1349
583 637
584 1491
585 253
586 1072
587 1245
588 1309
589 1263
590 361
591 677
592 341
593 1250
594 1614
595 1365
596 1280
597 154
598 814
599 1512
600 913
601 1521
602 399
603 806
604 824
605 141
606 880
607 1716
608 128
609 779
610 787
611 91
612 1277
613 1049
614 572
615 18
616 314
617 1638
618 1612
619 985
620 956
621 1480
622 868
623 1228
624 1557
625 933
626 1238
627 1270
628 683
629 769
630 839
631 1246
632 1759
633 199
634 657
635 1739
636 737
637 473
638 355
639 688
640 450
641 1158
642 448
643 703
644 800
645 1191
646 970
647 1603
648 696
649 1212
650 1637
651 964
652 1713
653 751
654 1501
655 1595
656 989
657 254
658 861
659 428
660 483
661 170
662 1123
663 88
664 715
665 458
666 270
667 1626
668 267
669 747
670 867
671 645
672 330
673 1468
674 539
675 746
676 112
677 48
678 1731
679 718
680 321
681 1542
682 1540
683 750
684 543
685 227
686 59
687 351
688 446
689 1069
690 699
691 854
692 1197
693 722
694 228
695 343
696 1708
697 1591
698 1055
699 293
700 276
701 1401
702 96
703 1568
704 114
705 650
706 876
707 1434
708 1490
709 493
710 1178
711 381
712 1577
713 565
714 835
715 1154
716 1265
717 914
718 1075
719 742
720 500
721 833
722 887
723 1737
724 1179
725 512
726 53
727 900
728 1169
729 836
730 879
731 784
732 1339
733 463
734 320
735 1320
736 951
737 1227
738 1658
739 530
740 150
741 850
742 30
743 465
744 444
745 1139
746 942
747 1608
748 870
749 1036
750 1076
751 216
752 177
753 158
754 1700
755 1376
756 1461
757 633
758 89
759 370
760 1366
761 635
762 1533
763 271
764 1132
765 1570
766 731
767 1125
768 1462
769 1220
770 567
771 485
772 895
773 1444
774 1331
775 727
776 886
777 1661
778 197
779 770
780 1418
781 1087
782 1379
783 591
784 171
785 398
786 602
787 954
788 1513
789 1020
790 908
791 1602
792 1488
793 509
794 1233
795 106
796 1067
797 404
798 1237
799 324
800 1497
801 1092
802 1251
803 440
804 1678
805 1697
806 1196
807 186
808 1749
809 873
810 1022
811 319
812 1653
813 349
814 464
815 1058
816 377
817 804
818 1307
819 1214
820 614
821 740
822 143
823 511
824 969
825 896
826 11
827 1278
828 1221
829 437
830 992
831 941
832 231
833 808
834 899
835 938
836 1198
837 467
838 1333
839 818
840 526
841 419
842 872
843 233
844 1124
845 1068
846 1199
847 1681
848 1561
849 396
850 236
851 1012
852 1729
853 1528
854 1682
855 392
856 1060
857 181
858 719
859 1282
860 1107
861 182
862 189
863 258
864 1541
865 1761
866 1392
867 1478
868 518
869 1624
870 528
871 294
872 1502
873 45
874 466
875 1599
876 179
877 1621
878 1369
879 1411
880 1440
881 214
882 1604
883 594
884 589
885 345
886 69
887 671
888 1586
889 35
890 1357
891 1415
892 593
893 288
894 1445
895 1714
896 1696
897 58
898 586
899 1268
900 451
901 1016
902 1205
903 490
904 8
905 1728
906 1412
907 1583
908 142
909 523
910 374
911 16
912 596
913 1421
914 775
915 1175
916 27
917 684
918 894
919 1424
920 1364
921 306
922 1063
923 1187
924 1089
925 1174
926 130
927 1538
928 730
929 282
930 256
931 830
932 581
933 1372
934 497
935 232
936 122
937 1642
938 1578
939 434
940 63
941 234
942 1516
943 744
944 757
945 686
946 725
947 1116
948 544
949 1181
950 378
951 1406
952 802
953 359
954 1267
955 1086
956 1733
957 274
958 953
959 1689
960 929
961 442
962 1172
963 1717
964 554
965 1765
966 1030
967 1756
968 1151
969 1032
970 1723
971 1173
972 1142
973 308
974 461
975 1074
976 152
977 1518
978 607
979 389
980 1536
981 138
982 1680
983 1483
984 1023
985 1255
986 934
987 690
988 847
989 765
990 1014
991 2
992 820
993 910
994 1370
995 1002
996 1094
997 1683
998 468
999 15
1000 304
1001 660
1002 1048
1003 1143
1004 1185
1005 1479
1006 104
1007 60
1008 1598
1009 1138
1010 1042
1011 502
1012 77
1013 1662
1014 1766
1015 522
1016 592
1017 791
1018 1274
1019 743
1020 603
1021 98
1022 860
1023 307
1024 292
1025 1647
1026 1563
1027 966
1028 50
1029 429
1030 1201
1031 889
1032 843
1033 1062
1034 1330
1035 1052
1036 618
1037 1718
1038 991
1039 1438
1040 1652
1041 409
1042 474
1043 1673
1044 1669
1045 1503
1046 616
1047 858
1048 1409
1049 1298
1050 1293
1051 1262
1052 1160
1053 1572
1054 272
1055 1171
1056 1524
1057 470
1058 1754
1059 1752
1060 1725
1061 469
1062 1240
1063 118
1064 1066
1065 819
1066 1006
1067 283
1068 996
1069 164
1070 1150
1071 57
1072 1098
1073 821
1074 310
1075 682
1076 124
1077 1446
1078 1323
1079 575
1080 946
1081 496
1082 640
1083 1289
1084 97
1085 1605
1086 1373
1087 550
1088 1135
1089 1215
1090 100
1091 720
1092 1665
1093 1476
1094 1705
1095 1395
1096 416
1097 257
1098 826
1099 259
1100 251
1101 1324
1102 1481
1103 1475
1104 950
1105 1629
1106 795
1107 1477
1108 869
1109 111
1110 755
1111 967
1112 110
1113 1585
1114 537
1115 71
1116 1404
1117 1119
1118 1269
1119 33
1120 156
1121 939
1122 959
1123 1517
1124 601
1125 1709
1126 79
1127 51
1128 172
1129 134
1130 976
1131 504
1132 487
1133 655
1134 119
1135 505
1136 278
1137 40
1138 1100
1139 1239
1140 28
1141 1574
1142 993
1143 3
1144 200
1145 965
1146 771
1147 674
1148 1291
1149 1114
1150 636
1151 452
1152 987
1153 187
1154 1081
1155 93
1156 1334
1157 1039
1158 877
1159 1544
1160 55
1161 338
1162 1156
1163 455
1164 1109
1165 1632
1166 479
1167 1328
1168 129
1169 76
1170 192
1171 367
1172 855
1173 1466
1174 578
1175 1622
1176 1031
1177 1180
1178 87
1179 1189
1180 280
1181 397
1182 86
1183 1208
1184 1618
1185 644
1186 161
1187 362
1188 1145
1189 1213
1190 1386
1191 832
1192 801
1193 1698
1194 856
1195 582
1196 486
1197 705
1198 851
1199 1083
1200 704
1201 260
1202 1630
1203 66
1204 160
1205 848
1206 454
1207 1487
1208 480
1209 670
1210 1311
1211 1253
1212 1686
1213 1427
1214 255
1215 1559
1216 1382
1217 1091
1218 73
1219 796
1220 1093
1221 329
1222 380
1223 1589
1224 180
1225 798
1226 1026
1227 23
1228 385
1229 484
1230 892
1231 1399
1232 1044
1233 1676
1234 1600
1235 1649
1236 1252
1237 907
1238 417
1239 1335
1240 508
1241 643
1242 491
1243 1750
1244 1164
1245 1299
1246 1657
1247 1272
1248 296
1249 726
1250 924
1251 309
1252 153
1253 559
1254 115
1255 1674
1256 223
1257 862
1258 22
1259 405
1260 1140
1261 1354
1262 947
1263 702
1264 1009
1265 1609
1266 1389
1267 561
1268 649
1269 1492
1270 1261
1271 29
1272 44
1273 32
1274 1425
1275 857
1276 301
1277 391
1278 312
1279 269
1280 695
1281 206
1282 1079
1283 472
1284 1216
1285 1105
1286 1508
1287 957
1288 846
1289 1532
1290 893
1291 1496
1292 990
1293 382
1294 960
1295 303
1296 1247
1297 1651
1298 958
1299 827
1300 792
1301 1235
1302 1601
1303 1073
1304 25
1305 133
1306 580
1307 1423
1308 952
1309 1021
1310 1584
1311 400
1312 1082
1313 971
1314 817
1315 516
1316 132
1317 94
1318 519
1319 1597
1320 145
1321 449
1322 1337
1323 64
1324 741
1325 619
1326 628
1327 445
1328 209
1329 279
1330 685
1331 113
1332 501
1333 1223
1334 1482
1335 1454
1336 460
1337 0
1338 882
1339 1748
1340 375
1341 1264
1342 1367
1343 252
1344 178
1345 1043
1346 1606
1347 1381
1348 781
1349 459
1350 613
1351 1284
1352 117
1353 1707
1354 754
1355 711
1356 46
1357 447
1358 600
1359 149
1360 1439
1361 277
1362 1000
1363 625
1364 1684
1365 1448
1366 1562
1367 1353
1368 1576
1369 1469
1370 146
1371 1416
1372 300
1373 782
1374 1318
1375 707
1376 875
1377 1505
1378 52
1379 1641
1380 723
1381 1545
1382 336
1383 441
1384 507
1385 1242
1386 1560
1387 926
1388 794
1389 506
1390 564
1391 1740
1392 998
1393 1470
1394 1590
1395 1218
1396 1161
1397 215
1398 1126
1399 515
1400 864
1401 116
1402 410
1403 1085
1404 694
1405 237
1406 1351
1407 1511
1408 317
1409 1556
1410 981
1411 240
1412 1523
1413 1506
1414 752
1415 1760
1416 1711
1417 281
1418 285
1419 1104
1420 668
1421 342
1422 542
1423 884
1424 194
1425 652
1426 287
1427 1288
1428 1099
1429 1484
1430 566
1431 1286
1432 167
1433 1567
1434 514
1435 475
1436 997
1437 471
1438 1219
1439 1571
1440 1034
1441 333
1442 221
1443 1685
1444 748
1445 1565
1446 1690
1447 1580
1448 739
1449 1097
1450 268
1451 1117
1452 284
1453 1668
1454 1400
1455 78
1456 1084
1457 937
1458 1631
1459 1390
1460 456
1461 680
1462 1699
1463 1368
1464 962
1465 1436
1466 242
1467 24
1468 1388
1469 863
1470 1013
1471 612
1472 331
1473 963
1474 1442
1475 453
1476 979
1477 1664
1478 1453
1479 837
1480 1486
1481 639
1482 1045
1483 383
1484 1703
1485 648
1486 322
1487 1340
1488 936
1489 13
1490 1402
1491 1397
1492 1554
1493 1080
1494 1588
1495 767
1496 241
1497 316
1498 163
1499 532
1500 1625
1501 1592
1502 121
1503 61
1504 1184
1505 599
1506 372
1507 72
1508 1248
1509 360
1510 1294
1511 1271
1512 107
1513 1018
1514 401
1515 988
1516 1011
1517 19
1518 394
1519 1566
1520 202
1521 706
1522 1656
1523 80
1524 135
1525 529
1526 1362
1527 366
1528 615
1529 432
1530 1329
1531 1459
1532 536
1533 217
1534 191
1535 759
1536 1258
1537 1551
1538 85
1539 457
1540 1168
1541 545
1542 659
1543 136
1544 9
1545 663
1546 678
1547 570
1548 95
1549 435
1550 1177
1551 31
1552 1670
1553 1057
1554 262
1555 1147
1556 415
1557 510
1558 1607
1559 173
1560 749
1561 1041
1562 1460
1563 1256
1564 151
1565 494
1566 1070
1567 525
1568 376
1569 1742
1570 1549
1571 717
1572 1166
1573 805
1574 1346
1575 776
1576 356
1577 1431
1578 1455
1579 1232
1580 4
1581 1407
1582 348
1583 290
1584 1007
1585 701
1586 1359
1587 1134
1588 328
1589 358
1590 70
1591 1319
1592 932
1593 1443
1594 1106
1595 211
1596 693
1597 1350
1598 245
1599 1029
1600 1679
1601 334
1602 1217
1603 1667
1604 1010
1605 1292
1606 840
1607 920
1608 188
1609 246
1610 1231
1611 219
1612 912
1613 229
1614 1303
1615 973
1616 1206
1617 1489
1618 443
1619 1430
1620 1387
1621 222
1622 1458
1623 675
1624 1162
1625 1636
1626 1579
1627 289
1628 983
1629 1046
1630 665
1631 1564
1632 403
1633 1001
1634 923
1635 812
1636 243
1637 168
1638 1677
1639 1088
1640 6
1641 1343
1642 297
1643 1485
1644 1170
1645 1687
1646 1764
1647 865
1648 1040
1649 1747
1650 982
1651 1204
1652 208
1653 1257
1654 1051
1655 12
1656 1306
1657 1111
1658 534
1659 305
1660 92
1661 557
1662 1514
1663 598
1664 1310
1665 799
1666 556
1667 1304
1668 1296
1669 412
1670 541
1671 137
1672 39
1673 174
1674 763
1675 1130
1676 1627
1677 407
1678 47
1679 422
1680 327
1681 595
1682 1326
1683 1706
1684 1241
1685 664
1686 1417
1687 606
1688 651
1689 1419
1690 1167
1691 1316
1692 968
1693 413
1694 1619
1695 1194
1696 427
1697 1128
1698 326
1699 540
1700 1663
1701 1474
1702 698
1703 1279
1704 203
1705 621
1706 1509
1707 548
1708 339
1709 1613
1710 420
1711 1243
1712 1360
1713 1535
1714 1734
1715 220
1716 21
1717 313
1718 379
1719 1095
1720 195
1721 266
1722 844
1723 1628
1724 1456
1725 917
1726 81
1727 127
1728 797
1729 813
1730 1136
1731 569
1732 198
1733 344
1734 1290
1735 1127
1736 1666
1737 1321
1738 922
1739 1441
1740 1582
1741 126
1742 42
1743 213
1744 423
1745 1378
1746 638
1747 248
1748 125
1749 1727
1750 662
1751 247
1752 1650
1753 729
1754 999
1755 384
1756 62
1757 584
1758 1153
1759 632
1760 1730
1761 714
1762 1165
1763 1056
1764 881
1765 323
1766 995
