0 821
1 646
2 543
3 1593
4 1141
5 1037
6 485
7 373
8 1292
9 607
10 178
11 690
12 291
13 491
14 739
15 52
16 1077
17 1684
18 508
19 780
20 1110
21 770
22 1114
23 480
24 955
25 494
26 207
27 1513
28 639
29 1485
30 329
31 876
32 828
33 799
34 979
35 408
36 1379
37 617
38 1116
39 474
40 1373
41 1277
42 1483
43 515
44 1026
45 1596
46 1559
47 1734
48 1003
49 740
50 341
51 823
52 730
53 384
54 1343
55 541
56 176
57 878
58 681
59 1743
60 583
61 981
62 1600
63 1735
64 1398
65 985
66 1580
67 1514
68 22
69 1627
70 312
71 314
72 1282
73 618
74 278
75 1531
76 489
77 666
78 746
79 1511
80 80
81 1140
82 1673
83 1696
84 1412
85 986
86 232
87 85
88 362
89 447
90 1469
91 9
92 1435
93 1449
94 76
95 194
96 1509
97 78
98 549
99 239
100 1135
101 1481
102 1720
103 105
104 40
105 921
106 1310
107 584
108 1079
109 1393
110 196
111 215
112 1460
113 1625
114 3
115 293
116 1023
117 1283
118 14
119 1410
120 91
121 884
122 1555
123 725
124 1365
125 1636
126 689
127 316
128 294
129 1687
130 451
131 1699
132 1127
133 650
134 1014
135 327
136 197
137 903
138 1385
139 360
140 1530
141 1729
142 1095
143 303
144 1487
145 1516
146 387
147 1622
148 418
149 1160
150 1419
151 1322
152 556
153 553
154 376
155 1615
156 488
157 1386
158 968
159 1505
160 1134
161 426
162 400
163 1669
164 662
165 415
166 970
167 1611
168 998
169 1024
170 1462
171 1691
172 365
173 1470
174 49
175 1688
176 1536
177 257
178 456
179 844
180 1454
181 1620
182 128
183 1169
184 1157
185 1040
186 1604
187 395
188 1704
189 949
190 213
191 1219
192 1446
193 1188
194 130
195 1484
196 555
197 1052
198 550
199 1583
200 1018
201 1230
202 591
203 1239
204 1466
205 1308
206 98
207 262
208 249
209 1341
210 1289
211 375
212 651
213 1549
214 621
215 987
216 1084
217 381
218 641
219 785
220 829
221 15
222 328
223 580
224 825
225 1156
226 337
227 24
228 1061
229 420
230 839
231 1621
232 1185
233 1737
234 322
235 1551
236 483
237 537
238 1334
239 594
240 500
241 20
242 1394
243 236
244 73
245 1041
246 1634
247 1748
248 1225
249 1697
250 743
251 552
252 761
253 1426
254 1690
255 827
256 913
257 158
258 1760
259 542
260 452
261 67
262 172
263 205
264 1649
265 1004
266 1707
267 802
268 325
269 1348
270 1176
271 332
272 1597
273 1287
274 918
275 1016
276 113
277 760
278 1657
279 68
280 163
281 1402
282 1554
283 1038
284 948
285 1232
286 1383
287 1275
288 1032
289 510
290 1633
291 79
292 1579
293 1093
294 1382
295 286
296 1069
297 758
298 1493
299 1229
300 1260
301 652
302 1381
303 1572
304 145
305 1240
306 1205
307 752
308 787
309 1276
310 1578
311 677
312 473
313 147
314 290
315 1249
316 574
317 1582
318 1214
319 1533
320 192
321 135
322 1349
323 586
324 547
325 1548
326 1307
327 1607
328 234
329 1008
330 809
331 1666
332 931
333 108
334 169
335 943
336 1045
337 972
338 1010
339 1074
340 518
341 266
342 1146
343 887
344 1745
345 1013
346 1067
347 71
348 348
349 1612
350 531
351 667
352 1236
353 759
354 727
355 1314
356 909
357 402
358 1648
359 950
360 1290
361 335
362 674
363 1347
364 1096
365 36
366 1328
367 1601
368 642
369 902
370 1264
371 1272
372 1360
373 915
374 1564
375 818
376 1567
377 444
378 311
379 1392
380 1263
381 1009
382 476
383 1088
384 468
385 894
386 663
387 699
388 916
389 1070
390 132
391 394
392 1526
393 1389
394 443
395 836
396 38
397 853
398 852
399 769
400 1015
401 1465
402 89
403 372
404 60
405 1076
406 1587
407 1754
408 1288
409 1281
410 191
411 124
412 1255
413 1433
414 1700
415 1456
416 1147
417 812
418 229
419 27
420 1201
421 156
422 1312
423 1409
424 445
425 1101
426 1162
427 564
428 714
429 1570
430 873
431 251
432 503
433 967
434 965
435 796
436 707
437 1142
438 1651
439 1327
440 1099
441 756
442 1377
443 159
444 1501
445 206
446 1238
447 1309
448 6
449 1017
450 1568
451 87
452 1556
453 935
454 832
455 1672
456 467
457 1215
458 513
459 57
460 1571
461 463
462 412
463 874
464 168
465 567
466 310
467 762
468 528
469 1431
470 1196
471 1653
472 319
473 1336
474 1708
475 72
476 1100
477 797
478 161
479 411
480 8
481 1629
482 773
483 1082
484 963
485 431
486 182
487 1301
488 427
489 634
490 218
491 1218
492 1047
493 1029
494 624
495 732
496 351
497 525
498 578
499 659
500 4
501 244
502 744
503 1364
504 1005
505 1442
506 636
507 1750
508 1172
509 956
510 923
511 31
512 726
513 1073
514 1722
515 1221
516 841
517 1763
518 170
519 782
520 1585
521 259
522 544
523 1723
524 1121
525 1422
526 190
527 1744
528 1598
529 1011
530 848
531 326
532 539
533 1411
534 271
535 1129
536 793
537 292
538 1661
539 1643
540 1444
541 1115
542 1396
543 529
544 1180
545 1209
546 709
547 728
548 1226
549 597
550 46
551 940
552 1227
553 0
554 526
555 615
556 315
557 55
558 606
559 1048
560 433
561 719
562 1331
563 1133
564 1366
565 1586
566 786
567 307
568 347
569 336
570 1256
571 1550
572 457
573 146
574 1097
575 1546
576 1346
577 2
578 419
579 240
580 846
581 1613
582 611
583 1473
584 305
585 460
586 1541
587 990
588 1527
589 453
590 313
591 149
592 626
593 446
594 1030
595 1492
596 242
597 850
598 1569
599 941
600 947
601 747
602 1656
603 1303
604 1662
605 1543
606 478
607 790
608 1413
609 1619
610 702
611 1370
612 952
613 566
614 734
615 629
616 822
617 1098
618 13
619 1464
620 620
621 837
622 430
623 1210
624 845
625 1617
626 1762
627 1635
628 1128
629 1434
630 905
631 1355
632 1544
633 1207
634 925
635 1523
636 1
637 1244
638 1528
639 616
640 289
641 1561
642 1298
643 928
644 253
645 605
646 334
647 1491
648 1268
649 1259
650 1295
651 560
652 93
653 220
654 1374
655 138
656 1247
657 1171
658 284
659 455
660 1375
661 1117
662 1709
663 422
664 247
665 428
666 1577
667 805
668 1494
669 407
670 755
671 1273
672 100
673 577
674 23
675 764
676 877
677 1508
678 1626
679 1246
680 1512
681 167
682 1265
683 1012
684 1203
685 432
686 1576
687 1474
688 1665
689 1399
690 665
691 45
692 39
693 121
694 1186
695 765
696 1143
697 751
698 1678
699 1361
700 492
701 862
702 1749
703 1318
704 1293
705 1050
706 1235
707 994
708 861
709 1667
710 1086
711 710
712 1033
713 10
714 914
715 152
716 487
717 481
718 502
719 133
720 459
721 184
722 144
723 716
724 551
725 523
726 66
727 700
728 1340
729 838
730 1194
731 1739
732 816
733 186
734 34
735 1437
736 669
737 859
738 392
739 174
740 593
741 975
742 122
743 280
744 1680
745 1351
746 199
747 134
748 7
749 123
750 1447
751 438
752 193
753 801
754 21
755 1248
756 437
757 612
758 1515
759 142
760 757
761 1335
762 645
763 1642
764 820
765 993
766 1721
767 1624
768 472
769 368
770 1187
771 1503
772 238
773 434
774 973
775 1193
776 1149
777 900
778 920
779 1325
780 283
781 498
782 1363
783 880
784 1759
785 339
786 1713
787 871
788 96
789 440
790 864
791 1071
792 687
793 442
794 345
795 1302
796 1054
797 1644
798 1608
799 65
800 143
801 868
802 519
803 1726
804 718
805 1591
806 1403
807 1595
808 1376
809 82
810 1681
811 1397
812 53
813 120
814 1286
815 722
816 435
817 1765
818 1758
819 25
820 792
821 1159
822 1525
823 1733
824 1337
825 165
826 691
827 1081
828 317
829 1736
830 789
831 470
832 1231
833 1103
834 939
835 1266
836 1211
837 1150
838 16
839 150
840 561
841 875
842 61
843 107
844 1168
845 1057
846 938
847 112
848 906
849 43
850 576
851 1522
852 486
853 749
854 954
855 664
856 1136
857 843
858 1407
859 1332
860 1717
861 5
862 703
863 1705
864 917
865 840
866 1125
867 255
868 1220
869 1496
870 383
871 1126
872 1062
873 285
874 274
875 1217
876 1195
877 1022
878 546
879 772
880 647
881 1675
882 1106
883 109
884 608
885 1606
886 320
887 1714
888 753
889 982
890 1320
891 763
892 1174
893 83
894 1091
895 978
896 592
897 1319
898 1206
899 731
900 75
901 1060
902 1747
903 1502
904 171
905 379
906 103
907 1602
908 704
909 17
910 1182
911 304
912 966
913 575
914 1448
915 1075
916 1035
917 77
918 1472
919 926
920 1369
921 516
922 275
923 1267
924 1639
925 534
926 1190
927 599
928 1113
929 695
930 397
931 198
932 1741
933 1299
934 141
935 826
936 933
937 750
938 1538
939 1711
940 1560
941 1342
942 514
943 984
944 1107
945 1732
946 614
947 401
948 233
949 1261
950 256
951 69
952 1715
953 441
954 258
955 342
956 1028
957 682
958 628
959 638
960 1078
961 1252
962 162
963 287
964 713
965 26
966 465
967 1378
968 819
969 504
970 1131
971 1476
972 627
973 214
974 131
975 857
976 637
977 281
978 37
979 47
980 997
981 791
982 1702
983 97
984 890
985 588
986 1510
987 783
988 946
989 520
990 724
991 1123
992 795
993 788
994 306
995 298
996 63
997 656
998 521
999 581
1000 1164
1001 1152
1002 569
1003 899
1004 898
1005 989
1006 527
1007 942
1008 367
1009 712
1010 1628
1011 1605
1012 1482
1013 225
1014 279
1015 1155
1016 1401
1017 1682
1018 106
1019 110
1020 1524
1021 1694
1022 1326
1023 524
1024 366
1025 148
1026 1479
1027 1090
1028 1358
1029 54
1030 869
1031 685
1032 604
1033 813
1034 1539
1035 991
1036 35
1037 1002
1038 675
1039 1139
1040 1338
1041 1204
1042 919
1043 680
1044 1584
1045 86
1046 733
1047 625
1048 892
1049 404
1050 670
1051 1416
1052 1517
1053 1504
1054 1436
1055 181
1056 676
1057 309
1058 1056
1059 683
1060 522
1061 237
1062 742
1063 11
1064 1285
1065 389
1066 1224
1067 1387
1068 449
1069 189
1070 74
1071 1751
1072 511
1073 497
1074 509
1075 831
1076 893
1077 180
1078 429
1079 692
1080 1668
1081 477
1082 922
1083 414
1084 1329
1085 901
1086 1421
1087 912
1088 369
1089 865
1090 896
1091 1716
1092 1630
1093 1315
1094 835
1095 41
1096 814
1097 299
1098 937
1099 1507
1100 1755
1101 1467
1102 969
1103 417
1104 1599
1105 507
1106 211
1107 396
1108 1257
1109 393
1110 1305
1111 1638
1112 1297
1113 208
1114 1184
1115 872
1116 1345
1117 548
1118 1058
1119 273
1120 1130
1121 721
1122 879
1123 42
1124 1654
1125 882
1126 59
1127 354
1128 302
1129 126
1130 971
1131 1296
1132 668
1133 860
1134 466
1135 1488
1136 1450
1137 187
1138 1000
1139 1043
1140 1463
1141 1144
1142 609
1143 653
1144 296
1145 90
1146 28
1147 1270
1148 735
1149 1658
1150 1039
1151 1122
1152 1573
1153 1036
1154 1330
1155 1055
1156 153
1157 1752
1158 881
1159 1429
1160 1537
1161 1181
1162 980
1163 358
1164 1092
1165 815
1166 458
1167 1200
1168 1202
1169 855
1170 1674
1171 771
1172 1405
1173 655
1174 1372
1175 1258
1176 217
1177 737
1178 1323
1179 1552
1180 540
1181 1477
1182 355
1183 209
1184 554
1185 908
1186 1350
1187 177
1188 398
1189 1404
1190 974
1191 260
1192 1388
1193 390
1194 114
1195 382
1196 888
1197 817
1198 1478
1199 1677
1200 1663
1201 1173
1202 1660
1203 701
1204 1025
1205 784
1206 1563
1207 200
1208 1761
1209 323
1210 469
1211 1427
1212 1178
1213 1237
1214 1049
1215 1671
1216 811
1217 246
1218 571
1219 1645
1220 1241
1221 706
1222 1753
1223 409
1224 405
1225 1588
1226 1233
1227 1368
1228 1475
1229 999
1230 688
1231 1066
1232 741
1233 1461
1234 1356
1235 632
1236 386
1237 671
1238 12
1239 496
1240 353
1241 781
1242 1498
1243 904
1244 1051
1245 767
1246 1500
1247 1251
1248 834
1249 1153
1250 267
1251 631
1252 1441
1253 863
1254 183
1255 1148
1256 1664
1257 1614
1258 808
1259 568
1260 1589
1261 361
1262 1083
1263 661
1264 185
1265 1695
1266 1459
1267 1380
1268 164
1269 715
1270 377
1271 160
1272 934
1273 1730
1274 127
1275 774
1276 1109
1277 1428
1278 1637
1279 951
1280 924
1281 533
1282 907
1283 649
1284 482
1285 895
1286 1490
1287 565
1288 1417
1289 936
1290 1756
1291 1432
1292 1719
1293 590
1294 364
1295 1594
1296 996
1297 1679
1298 1065
1299 1640
1300 1400
1301 1766
1302 1161
1303 116
1304 1384
1305 1706
1306 1243
1307 1659
1308 748
1309 1557
1310 44
1311 137
1312 1609
1313 1166
1314 1027
1315 346
1316 1553
1317 272
1318 1112
1319 1631
1320 448
1321 1424
1322 125
1323 870
1324 800
1325 1063
1326 635
1327 572
1328 720
1329 70
1330 1306
1331 506
1332 1558
1333 1020
1334 856
1335 461
1336 600
1337 115
1338 250
1339 1280
1340 847
1341 216
1342 1175
1343 380
1344 1177
1345 658
1346 619
1347 88
1348 988
1349 1641
1350 930
1351 338
1352 1468
1353 263
1354 1590
1355 1545
1356 195
1357 111
1358 911
1359 693
1360 484
1361 499
1362 897
1363 450
1364 1575
1365 64
1366 359
1367 349
1368 1216
1369 563
1370 356
1371 1068
1372 1420
1373 587
1374 696
1375 1362
1376 1006
1377 1031
1378 1108
1379 582
1380 976
1381 573
1382 596
1383 1712
1384 221
1385 1728
1386 226
1387 1439
1388 1019
1389 1044
1390 1738
1391 1228
1392 1163
1393 154
1394 1458
1395 350
1396 1158
1397 1574
1398 421
1399 454
1400 1291
1401 245
1402 227
1403 1278
1404 833
1405 1480
1406 1542
1407 288
1408 436
1409 1353
1410 530
1411 1262
1412 1689
1413 19
1414 155
1415 957
1416 1059
1417 536
1418 776
1419 297
1420 633
1421 830
1422 1284
1423 1367
1424 1179
1425 603
1426 1001
1427 959
1428 1423
1429 961
1430 331
1431 1271
1432 886
1433 672
1434 1357
1435 1452
1436 1253
1437 1418
1438 717
1439 99
1440 1137
1441 212
1442 545
1443 1731
1444 1451
1445 558
1446 406
1447 1072
1448 479
1449 1094
1450 1693
1451 1718
1452 532
1453 1725
1454 1534
1455 660
1456 117
1457 363
1458 265
1459 219
1460 644
1461 318
1462 1120
1463 579
1464 1183
1465 1489
1466 1430
1467 1686
1468 439
1469 1105
1470 51
1471 1087
1472 992
1473 475
1474 1652
1475 235
1476 352
1477 1102
1478 1339
1479 48
1480 1111
1481 738
1482 1138
1483 1710
1484 1021
1485 995
1486 254
1487 1192
1488 1698
1489 1165
1490 416
1491 883
1492 92
1493 736
1494 1535
1495 62
1496 58
1497 1540
1498 1042
1499 501
1500 729
1501 1245
1502 210
1503 1506
1504 678
1505 1197
1506 424
1507 858
1508 1521
1509 1395
1510 745
1511 1223
1512 243
1513 1371
1514 768
1515 495
1516 977
1517 640
1518 1650
1519 777
1520 56
1521 1518
1522 867
1523 1495
1524 357
1525 962
1526 1565
1527 33
1528 1199
1529 1118
1530 1316
1531 1701
1532 1034
1533 585
1534 824
1535 1317
1536 1632
1537 1085
1538 648
1539 374
1540 1250
1541 104
1542 248
1543 295
1544 1151
1545 1170
1546 151
1547 643
1548 654
1549 1080
1550 1757
1551 1740
1552 983
1553 694
1554 32
1555 613
1556 1145
1557 964
1558 686
1559 18
1560 885
1561 657
1562 1352
1563 1254
1564 330
1565 201
1566 269
1567 340
1568 1269
1569 308
1570 223
1571 1191
1572 891
1573 953
1574 1294
1575 1359
1576 1154
1577 517
1578 95
1579 866
1580 277
1581 493
1582 222
1583 1566
1584 203
1585 1676
1586 1304
1587 241
1588 1646
1589 810
1590 282
1591 679
1592 602
1593 1414
1594 1242
1595 118
1596 1064
1597 1562
1598 698
1599 378
1600 81
1601 1610
1602 806
1603 1279
1604 557
1605 601
1606 276
1607 1592
1608 464
1609 794
1610 1311
1611 1685
1612 179
1613 589
1614 945
1615 929
1616 910
1617 261
1618 1354
1619 1455
1620 370
1621 462
1622 1119
1623 1471
1624 1344
1625 623
1626 1581
1627 1616
1628 1321
1629 101
1630 173
1631 1222
1632 84
1633 270
1634 391
1635 559
1636 252
1637 371
1638 851
1639 854
1640 804
1641 673
1642 423
1643 1499
1644 708
1645 425
1646 512
1647 1486
1648 1764
1649 754
1650 1234
1651 697
1652 807
1653 399
1654 1529
1655 1445
1656 1647
1657 301
1658 30
1659 231
1660 166
1661 136
1662 1724
1663 1746
1664 300
1665 268
1666 204
1667 1520
1668 403
1669 344
1670 1440
1671 1457
1672 50
1673 889
1674 119
1675 1519
1676 1104
1677 1007
1678 610
1679 932
1680 1727
1681 944
1682 630
1683 1124
1684 927
1685 333
1686 1415
1687 562
1688 1618
1689 1683
1690 140
1691 849
1692 1208
1693 102
1694 1313
1695 1167
1696 1692
1697 538
1698 798
1699 711
1700 1453
1701 1390
1702 1391
1703 324
1704 1274
1705 1408
1706 1547
1707 175
1708 29
1709 413
1710 723
1711 388
1712 230
1713 1443
1714 960
1715 1324
1716 842
1717 1189
1718 1438
1719 595
1720 1213
1721 1497
1722 535
1723 343
1724 779
1725 505
1726 471
1727 570
1728 1425
1729 1603
1730 1703
1731 1132
1732 139
1733 1300
1734 766
1735 778
1736 228
1737 264
1738 1670
1739 1532
1740 705
1741 958
1742 129
1743 1198
1744 1212
1745 622
1746 684
1747 224
1748 1655
1749 1742
1750 410
1751 1623
1752 598
1753 1046
1754 321
1755 157
1756 775
1757 490
1758 188
1759 385
1760 202
1761 803
1762 1089
1763 1406
1764 1053
1765 1333
1766 94
