0 737
0 856
0 1082
0 1566
0 1643
1 1
2 386
3 3
4 805
5 304
6 1054
8 8
9 9
10 129
10 402
10 853
12 12
13 13
14 826
15 15
16 16
17 1192
18 11
18 112
18 320
18 368
18 770
18 840
18 1264
18 1397
20 176
20 350
20 1571
21 261
21 1660
21 1721
22 71
22 831
22 1206
23 23
24 138
24 640
24 820
24 1321
25 654
26 862
26 1065
26 1159
26 1420
27 0
27 244
27 366
27 1286
28 656
28 1128
29 112
29 371
29 520
29 564
29 605
29 780
29 837
29 873
29 967
29 1017
29 1505
29 1713
30 84
30 109
30 337
30 567
30 738
30 949
30 1096
30 1137
30 1472
30 1494
30 1640
30 1679
30 1743
30 1745
31 1645
32 386
33 33
34 1078
34 1621
35 35
36 386
36 1346
37 1424
38 38
40 787
41 220
41 892
42 499
42 747
42 1159
43 1134
44 37
44 252
45 45
46 895
46 1008
47 47
48 1297
49 195
50 240
50 280
50 687
50 959
50 1075
51 373
52 52
53 0
53 114
53 325
53 651
53 697
54 458
54 990
54 1311
55 1135
56 56
57 1494
58 561
59 1615
60 69
60 181
60 306
60 614
60 688
60 730
60 1082
60 1164
60 1252
60 1576
63 63
67 688
68 68
69 564
69 593
69 630
69 801
69 992
69 1110
69 1175
71 22
71 178
71 367
71 429
71 966
71 1286
71 1287
71 1579
71 1712
72 72
73 73
74 76
74 737
75 1050
75 1750
76 474
77 77
78 69
78 784
78 1054
81 60
81 784
82 82
84 30
85 330
85 939
85 1225
85 1355
85 1357
85 1387
85 1397
85 1626
87 87
88 18
88 1508
88 1626
88 1750
89 89
90 1043
90 1166
90 1431
91 91
92 571
92 811
93 93
94 94
95 861
97 252
97 567
97 1443
97 1523
97 1576
97 1750
98 560
98 859
99 1699
102 19
102 259
102 404
102 431
102 601
102 732
102 921
102 1237
102 1360
103 1130
104 104
105 105
106 1306
106 1745
107 107
108 681
108 1223
109 172
109 226
109 306
109 668
109 669
109 757
109 1114
109 1397
110 11
110 382
110 688
110 958
110 967
110 1460
112 71
112 265
112 373
112 747
112 967
112 987
112 1177
112 1504
112 1623
113 113
114 30
114 42
114 86
114 261
114 839
114 1001
114 1289
115 115
116 263
116 439
116 593
116 914
116 1038
117 1097
118 60
118 132
118 853
118 1370
119 119
120 29
120 255
120 1291
120 1499
121 121
122 812
123 123
124 1164
124 1459
125 80
127 127
128 129
128 1471
129 10
129 150
129 681
129 1060
129 1297
129 1444
129 1753
130 130
131 26
131 1277
132 118
132 737
132 1537
132 1673
133 124
133 429
133 1192
133 1508
134 1417
134 1730
135 314
135 603
136 136
137 36
137 320
137 655
137 685
137 947
137 1251
137 1635
137 1765
138 320
138 337
138 366
138 630
138 1113
138 1230
139 651
140 1414
141 102
141 244
141 259
141 967
141 1130
141 1471
141 1478
142 142
143 259
143 325
144 478
146 21
146 649
146 655
147 138
147 325
147 1210
148 457
148 559
148 742
148 1086
148 1185
149 30
149 1166
150 883
151 1342
152 152
154 1065
155 155
156 730
156 966
156 1311
157 1410
159 806
159 1581
160 605
160 1569
160 1675
161 1355
162 392
162 1166
163 640
164 443
165 165
166 1673
167 1130
168 237
170 138
170 554
170 656
171 171
172 50
172 141
172 244
172 364
172 832
172 992
172 1309
172 1670
174 53
175 175
176 774
176 847
176 1023
176 1130
177 177
178 18
178 730
179 728
180 180
181 503
182 182
183 183
184 184
185 185
186 614
186 743
186 807
186 951
187 255
187 288
187 548
187 626
187 627
187 1289
187 1505
188 188
190 190
191 191
192 192
193 193
195 49
195 801
195 1171
195 1556
196 196
197 397
197 826
197 948
197 1008
197 1061
197 1165
198 727
199 689
200 404
200 809
200 979
200 1062
200 1096
200 1130
200 1135
200 1232
200 1272
202 202
203 203
204 204
206 206
208 208
209 0
209 247
209 463
209 540
209 690
209 697
209 890
209 985
209 1037
209 1147
209 1198
210 261
211 211
212 102
213 213
214 214
215 244
215 248
215 803
215 1017
215 1171
216 1151
217 890
218 218
219 512
219 684
220 1318
221 605
222 330
222 895
222 1713
223 1751
225 1753
226 1750
227 92
227 1137
228 228
229 229
230 230
231 231
233 540
236 567
237 30
237 138
237 1331
237 1531
237 1752
239 254
239 1110
240 977
241 312
241 1717
242 242
243 1484
243 1668
244 141
244 437
244 590
244 731
244 820
244 895
244 969
244 974
244 1333
244 1723
245 245
246 222
246 394
246 627
246 1137
246 1300
246 1398
246 1717
247 402
248 593
248 1130
248 1452
248 1648
249 150
249 583
250 521
250 1297
251 960
252 478
252 585
252 636
252 801
252 939
252 1057
252 1219
252 1277
252 1495
252 1579
253 1054
254 237
254 548
254 1645
255 36
255 219
255 919
255 1004
255 1047
255 1374
256 256
257 257
258 258
259 102
259 419
259 672
259 830
259 873
259 891
259 1075
259 1175
259 1332
259 1471
259 1644
260 1384
261 21
261 134
261 630
261 672
261 731
261 787
261 1333
261 1534
261 1538
261 1699
262 262
263 29
263 548
264 280
264 749
265 255
265 966
266 960
266 1008
267 261
267 1075
268 811
268 1648
270 270
271 271
274 274
275 959
275 1742
276 276
277 627
277 1168
278 278
280 71
280 97
280 244
280 324
280 455
280 953
280 972
280 1346
280 1441
280 1538
280 1574
281 682
283 283
284 92
284 689
284 1345
284 1443
286 664
287 1229
288 330
289 289
290 595
290 651
291 291
292 292
293 1544
294 672
294 801
295 29
295 630
296 960
297 419
298 1238
299 1569
300 1083
301 376
302 302
303 616
303 999
304 233
304 730
304 1471
304 1651
305 305
306 636
306 1147
306 1370
306 1616
308 308
309 794
309 1110
311 681
311 830
311 1286
312 1434
313 313
314 135
314 1114
314 1627
315 1465
316 316
317 200
317 209
317 325
317 340
317 720
317 740
318 318
319 319
320 61
320 118
320 138
320 237
320 325
320 569
320 626
320 1297
320 1441
320 1588
321 321
323 1068
323 1198
324 67
324 90
324 252
324 288
324 325
324 597
324 685
324 1047
324 1289
324 1406
324 1621
325 159
325 169
325 237
325 252
325 282
325 287
325 404
325 422
325 428
325 480
325 571
325 651
325 704
325 770
325 836
325 891
325 968
325 1047
325 1059
325 1096
325 1131
325 1171
325 1242
325 1264
325 1294
325 1482
325 1615
325 1636
325 1716
325 1722
325 1765
326 326
327 373
327 598
327 1055
327 1743
328 328
329 102
329 341
329 567
330 200
330 215
330 224
330 241
330 246
330 287
330 306
330 346
330 375
330 420
330 456
330 512
330 605
330 672
330 690
330 693
330 730
330 809
330 888
330 1058
330 1178
330 1225
330 1290
330 1424
330 1438
330 1480
330 1569
330 1695
330 1752
331 331
332 332
333 333
334 607
335 42
335 1164
336 1432
337 655
337 918
337 933
337 966
337 1374
338 404
339 339
340 928
340 1133
341 60
342 831
343 109
343 254
343 831
343 1447
344 344
345 345
346 306
346 730
346 1058
346 1128
346 1286
346 1431
346 1450
346 1485
346 1494
347 347
348 85
348 404
350 1275
351 351
352 1523
352 1544
353 353
354 1024
355 176
356 356
357 404
358 358
359 419
360 801
361 361
362 404
362 880
363 363
364 1130
364 1360
365 365
366 92
366 187
366 312
366 1494
366 1501
366 1661
367 853
367 1332
368 809
368 1333
369 359
370 370
371 195
372 372
373 384
373 404
373 518
373 667
373 693
373 779
373 805
373 1147
373 1178
373 1198
373 1644
374 137
374 325
374 377
374 630
374 1219
374 1586
374 1616
375 246
375 320
375 384
375 668
375 781
375 1135
375 1137
375 1225
375 1441
375 1743
378 352
379 677
379 685
380 460
380 708
380 967
380 1198
380 1388
381 381
382 503
382 688
382 853
382 890
383 383
384 254
384 373
384 630
384 760
386 197
386 249
386 335
386 596
386 627
386 644
386 718
386 724
386 905
386 932
386 959
386 1102
386 1171
386 1261
386 1296
386 1374
386 1627
386 1646
386 1722
387 387
388 388
389 1165
389 1346
390 390
392 148
392 1442
393 706
394 50
394 375
394 376
394 552
394 1757
395 406
396 732
396 987
396 1190
397 244
397 569
397 1542
399 399
400 1220
400 1524
400 1750
402 247
402 272
402 384
404 102
404 189
404 215
404 222
404 249
404 255
404 357
404 445
404 472
404 552
404 627
404 629
404 692
404 762
404 800
404 801
404 883
404 917
404 929
404 1061
404 1096
404 1109
404 1194
404 1260
404 1280
404 1297
404 1464
404 1729
404 1766
405 405
406 1045
407 740
408 404
409 409
410 410
411 411
413 1130
413 1263
414 295
414 949
414 1070
415 1444
416 416
417 689
417 713
417 870
417 1017
418 50
419 386
419 730
419 776
419 854
419 952
419 988
419 1009
419 1017
419 1237
419 1494
419 1721
419 1751
420 805
420 1092
420 1328
420 1441
421 1360
421 1527
423 423
425 401
425 672
425 1145
425 1233
425 1237
425 1467
427 427
428 74
428 968
429 102
429 304
429 712
429 1328
429 1635
431 402
431 879
431 994
431 1544
431 1618
432 432
433 433
434 1678
435 435
436 1576
437 424
437 820
437 958
437 1162
438 438
439 244
439 1165
440 804
441 1660
442 112
443 67
443 237
444 330
445 404
446 446
447 447
448 69
448 320
448 801
449 951
449 1311
449 1722
450 719
450 820
450 879
450 1428
450 1713
451 987
451 1165
453 453
454 325
454 618
454 892
455 50
455 164
455 539
455 548
455 664
455 843
455 1060
455 1110
455 1758
456 60
456 255
456 437
456 691
456 976
457 148
457 662
458 54
459 459
460 380
460 939
460 1661
461 461
462 424
463 1092
464 1251
465 465
466 1469
467 467
468 468
469 469
470 1438
471 1058
473 244
473 1211
474 1452
475 475
478 79
478 144
478 831
478 1316
478 1327
478 1685
479 172
480 859
480 1037
481 481
482 482
483 748
483 1576
484 484
486 486
487 375
487 979
487 1008
487 1258
488 279
489 489
490 811
491 29
491 330
493 493
495 495
496 496
498 498
499 244
499 546
499 548
499 598
499 1508
499 1579
500 327
500 640
500 1615
501 501
502 548
502 780
503 992
504 359
505 505
506 374
506 805
506 933
507 507
509 412
509 684
509 1699
510 510
511 511
512 97
512 111
512 322
512 630
512 778
512 801
512 806
512 849
512 968
512 1232
512 1254
512 1272
512 1471
512 1484
512 1494
512 1636
512 1710
513 1054
513 1499
514 31
514 254
514 689
515 1145
517 517
518 154
518 634
518 779
518 1633
519 209
519 385
519 633
519 939
520 255
520 1008
520 1071
520 1309
521 250
521 669
521 1431
522 325
523 227
523 1134
524 524
525 378
525 777
526 526
527 926
528 737
528 853
528 971
528 1188
528 1543
528 1635
529 51
529 324
529 1054
530 530
531 116
531 605
532 1171
532 1352
533 99
533 380
533 455
533 600
533 824
533 1083
533 1110
534 338
534 1399
535 60
536 252
536 997
537 537
538 538
539 455
540 233
541 1582
542 1370
543 1134
544 806
545 545
547 1311
547 1346
548 29
548 477
549 549
550 550
551 14
551 404
553 53
553 244
553 809
553 859
553 1279
554 37
554 664
554 1229
555 555
556 1739
557 1159
558 558
560 98
561 340
561 651
561 806
564 569
565 565
566 566
567 630
567 731
567 1001
567 1075
568 568
569 109
569 575
569 1061
569 1275
570 570
572 572
573 573
574 613
576 576
578 578
579 1065
579 1157
579 1297
579 1388
580 580
581 280
582 655
583 26
583 477
584 584
585 732
585 960
585 1189
587 587
588 1318
589 855
589 1321
590 154
590 244
590 386
591 307
591 630
592 592
593 630
593 697
593 934
595 960
596 112
596 499
596 801
596 1165
597 607
597 682
597 811
597 967
597 1165
598 81
598 567
598 1065
598 1495
599 599
601 212
601 341
601 939
602 602
603 244
603 250
603 425
603 1452
604 1695
605 163
605 272
605 672
605 1025
605 1171
605 1183
605 1317
605 1569
605 1621
605 1713
605 1752
608 114
609 609
610 610
611 384
611 605
611 688
612 612
613 65
613 694
613 781
613 801
613 1017
613 1070
613 1086
613 1252
613 1527
613 1734
615 615
616 1099
616 1130
616 1269
617 617
618 143
618 404
618 1036
619 619
620 620
621 153
621 404
621 657
622 158
622 704
622 965
622 1531
623 1305
624 624
625 625
626 960
626 1424
627 39
627 280
627 324
627 380
627 397
627 460
627 541
627 597
627 684
627 720
627 880
627 1047
627 1186
627 1438
627 1488
627 1680
627 1699
628 628
629 138
630 71
630 244
630 586
630 737
630 776
630 832
630 851
630 1225
630 1316
630 1461
630 1534
630 1661
630 1670
630 1673
630 1721
630 1751
631 631
632 1262
632 1507
633 1742
634 1165
634 1386
634 1565
636 1291
636 1534
637 637
638 638
639 639
640 1711
641 967
642 509
642 684
642 1058
643 304
643 1021
643 1066
644 789
646 646
647 647
649 29
649 125
649 261
649 513
649 1206
649 1334
649 1386
649 1495
650 650
651 124
651 159
651 209
651 269
651 346
651 588
651 605
651 928
651 1051
651 1071
651 1211
651 1261
651 1315
651 1328
651 1394
651 1505
651 1543
651 1645
652 652
653 71
653 306
653 856
653 1019
653 1192
653 1198
653 1628
654 30
654 561
654 1103
655 375
655 1096
657 419
657 774
657 952
657 966
657 1471
658 1524
659 55
660 280
661 661
662 457
663 663
664 455
664 1130
664 1253
664 1370
664 1459
665 665
666 27
666 1556
666 1648
668 85
668 146
668 375
668 859
669 430
669 875
669 992
669 1062
669 1253
669 1346
670 670
671 187
671 1290
671 1417
671 1547
672 575
672 1165
672 1482
672 1703
672 1710
673 25
673 109
673 1353
674 674
675 675
676 676
678 813
679 90
679 215
679 1192
679 1481
680 993
681 311
681 731
681 1684
682 574
682 1094
682 1130
683 683
684 509
684 690
684 1049
684 1282
684 1317
685 449
685 593
685 787
685 1507
685 1751
686 1414
687 404
688 54
688 280
688 598
688 737
688 1054
688 1436
688 1463
688 1670
689 798
689 1086
689 1297
689 1309
689 1505
690 1297
691 1054
692 1418
693 21
693 280
693 330
693 571
693 1431
693 1484
693 1494
693 1505
694 261
694 1297
694 1480
695 695
696 696
697 994
697 1370
698 698
699 699
700 0
700 520
701 1471
701 1473
702 702
704 29
704 85
704 879
704 1253
704 1580
704 1618
705 705
707 707
708 958
708 1417
709 709
710 710
711 711
712 109
713 325
714 163
714 634
714 953
714 1621
715 715
716 716
717 717
718 234
718 1109
718 1519
719 651
719 966
719 1386
719 1717
721 721
722 722
723 1050
723 1494
725 1627
726 726
727 133
727 730
727 820
727 985
727 1432
728 906
729 750
730 0
730 11
730 53
730 237
730 346
730 364
730 441
730 455
730 509
730 657
730 681
730 880
730 952
730 1095
730 1131
730 1197
730 1251
730 1279
730 1346
730 1522
730 1734
731 1297
732 30
732 102
732 431
733 733
734 734
735 630
735 1048
736 736
737 324
737 535
737 590
737 598
737 642
737 885
737 959
737 1275
737 1309
737 1354
737 1711
737 1723
739 29
739 233
739 355
739 1219
740 336
740 407
741 741
742 306
742 1092
742 1268
744 744
745 745
746 746
747 60
747 200
747 233
747 350
747 480
747 1316
747 1699
748 391
748 814
748 1390
748 1452
748 1687
749 1658
751 1661
752 752
753 753
754 754
755 252
755 1062
755 1569
756 577
757 109
758 30
758 261
758 329
758 499
758 1009
758 1690
759 759
760 1742
761 1114
761 1417
762 144
762 662
762 877
762 1130
763 763
764 780
765 765
766 669
766 1312
767 767
768 768
769 1198
771 794
772 1105
773 525
773 777
773 1248
774 564
774 1648
775 775
776 154
776 325
777 960
777 1197
777 1274
777 1626
778 1346
779 880
780 325
780 458
780 811
780 1460
780 1591
781 66
781 375
781 386
781 499
781 613
781 668
781 811
781 890
782 1241
783 783
784 905
784 1083
784 1566
784 1679
785 634
786 1297
787 176
787 215
787 259
787 1137
787 1189
787 1484
788 788
790 790
791 791
792 792
794 1438
795 795
796 796
797 797
798 1071
798 1210
798 1648
799 799
800 404
801 349
801 386
801 419
801 442
801 668
801 1046
801 1279
801 1420
801 1743
803 509
803 684
803 1253
803 1568
805 42
805 209
805 244
805 252
805 420
805 651
805 664
806 1130
806 1487
807 1673
808 808
809 386
809 1495
810 810
811 1021
811 1188
813 132
813 671
814 958
815 1174
816 816
818 818
819 819
820 61
820 116
820 544
820 654
820 1048
820 1441
821 821
822 822
823 109
825 825
826 197
826 781
826 1508
827 827
828 1397
828 1743
829 669
829 845
831 29
831 46
831 246
831 364
831 521
831 596
831 605
831 611
831 730
831 794
831 933
831 1055
831 1083
831 1152
831 1156
831 1444
832 700
832 738
832 747
832 933
833 992
834 834
835 835
838 838
839 106
839 201
839 402
839 735
840 643
840 1661
841 1370
842 842
844 325
845 57
845 1431
846 846
847 456
847 959
847 1110
848 848
850 1297
850 1701
851 22
851 1346
852 852
853 0
853 20
853 856
854 141
854 419
855 135
856 0
857 857
858 858
859 425
859 1184
859 1349
859 1670
860 1370
861 309
861 673
861 967
863 863
864 864
865 865
866 398
866 605
866 1380
866 1488
866 1495
867 867
868 868
869 404
869 1648
870 630
870 664
870 731
870 839
870 1253
872 872
873 212
873 1200
874 1447
875 346
876 876
877 515
878 325
879 246
880 114
880 209
880 968
880 1037
880 1283
880 1400
880 1626
881 1563
882 882
883 384
883 727
883 879
883 1128
884 884
885 1048
885 1713
886 886
889 968
890 120
890 145
890 330
890 375
890 909
890 1206
890 1309
890 1316
890 1346
890 1418
891 613
891 671
892 53
892 1579
893 1309
894 894
895 60
895 138
895 162
895 330
895 366
895 694
895 1291
896 896
898 959
899 899
900 330
900 981
901 53
902 902
903 903
904 418
906 179
906 603
906 1035
910 630
911 261
911 690
911 1444
912 1073
912 1165
913 404
913 1354
914 1574
915 25
915 404
915 673
915 806
916 340
916 375
917 404
917 632
918 485
918 1311
919 1441
920 122
920 1438
921 102
921 1189
922 922
924 320
924 629
924 1075
925 925
926 811
927 927
928 157
928 404
929 146
929 404
930 346
930 1750
931 931
932 890
933 225
933 269
933 337
933 900
933 1054
933 1210
933 1237
933 1438
933 1481
933 1650
935 426
936 936
937 937
938 374
938 518
939 607
939 697
939 735
939 1154
939 1544
940 940
941 941
942 942
943 1219
944 944
946 509
948 232
948 1159
948 1374
949 682
949 730
949 776
950 594
951 70
951 222
952 657
952 690
952 1023
952 1237
952 1311
952 1514
953 742
953 806
953 978
953 1102
953 1626
954 1673
955 730
955 1137
956 956
957 957
958 261
958 448
958 460
958 687
958 778
958 943
958 1021
958 1239
958 1309
958 1714
959 50
959 1406
959 1745
960 18
960 277
960 811
960 920
960 1410
960 1432
960 1750
961 1648
962 287
963 963
964 964
966 134
966 408
966 776
966 831
966 870
966 952
966 1356
966 1490
966 1712
966 1730
967 74
967 141
967 641
967 700
967 747
967 895
967 971
967 1005
967 1102
967 1135
967 1230
967 1274
967 1275
967 1297
967 1460
968 252
968 295
968 419
968 429
968 531
968 627
968 648
968 854
968 1023
968 1191
968 1763
969 129
969 1473
970 970
971 627
971 809
971 1047
972 747
972 1026
974 613
974 776
975 1054
975 1371
976 252
976 1281
978 324
978 1171
978 1192
978 1274
978 1441
980 582
980 787
981 205
981 1615
981 1720
983 386
984 118
984 1130
985 209
985 730
985 1492
986 1615
987 219
987 451
987 949
987 952
987 1111
987 1602
989 563
989 1514
990 918
991 991
992 233
992 327
992 334
992 382
992 499
992 593
992 918
992 999
992 1008
992 1021
992 1171
992 1756
993 176
994 71
994 1397
995 394
996 996
998 569
998 1055
998 1712
1000 1000
1001 641
1001 919
1002 1190
1004 60
1004 1723
1005 120
1005 700
1005 704
1007 1007
1008 490
1009 760
1010 75
1010 143
1010 209
1010 651
1010 1015
1010 1023
1010 1722
1011 1011
1012 1012
1013 60
1013 232
1013 1130
1013 1552
1015 143
1015 176
1015 981
1015 987
1015 1615
1015 1765
1016 1016
1017 29
1017 60
1017 512
1017 1033
1017 1135
1020 134
1020 1730
1021 269
1021 502
1021 673
1021 781
1021 811
1021 1626
1022 1022
1023 325
1023 916
1023 1264
1023 1446
1024 605
1027 1027
1028 1028
1029 806
1029 987
1030 1030
1031 1031
1032 367
1032 847
1033 1054
1033 1087
1033 1701
1034 561
1035 603
1036 567
1036 618
1037 1488
1039 60
1039 598
1039 1417
1040 1040
1041 1041
1042 375
1042 895
1043 44
1043 92
1043 343
1043 1326
1044 1044
1045 60
1045 630
1045 805
1045 1328
1046 112
1046 1418
1047 386
1047 689
1047 967
1047 971
1047 1190
1047 1443
1047 1622
1048 1251
1049 346
1049 375
1051 644
1051 1670
1052 1675
1053 1053
1054 59
1054 477
1054 503
1054 757
1054 1065
1054 1544
1054 1714
1055 375
1056 1056
1058 330
1058 1601
1059 137
1059 325
1060 397
1060 522
1060 737
1060 1054
1060 1125
1061 176
1061 597
1061 1054
1062 669
1063 1063
1064 911
1064 1495
1065 1054
1066 762
1066 1157
1066 1482
1067 1067
1068 323
1069 1069
1070 613
1070 630
1070 1473
1071 255
1071 1215
1071 1635
1072 1072
1074 1003
1075 1716
1076 1290
1077 1215
1077 1621
1078 346
1078 1753
1079 404
1079 1675
1080 1080
1081 1081
1083 330
1083 512
1083 605
1083 873
1084 1084
1085 1085
1086 949
1086 981
1086 993
1086 1156
1087 112
1087 325
1087 1282
1087 1745
1088 738
1088 794
1089 1089
1090 1090
1092 235
1092 972
1092 1035
1092 1441
1092 1507
1093 1093
1095 325
1096 346
1096 512
1096 651
1096 1015
1096 1750
1098 197
1098 933
1098 1488
1098 1494
1098 1511
1098 1692
1100 1100
1101 1680
1102 24
1102 431
1102 512
1102 704
1102 738
1102 757
1102 1060
1102 1431
1102 1626
1102 1750
1102 1755
1103 1765
1104 1104
1105 605
1106 1106
1107 667
1107 1004
1107 1582
1109 424
1109 1019
1109 1147
1110 1021
1110 1183
1110 1198
1110 1297
1110 1374
1110 1448
1110 1635
1111 0
1111 1508
1112 1556
1113 138
1113 747
1113 1178
1114 30
1114 109
1114 374
1114 437
1114 642
1114 997
1114 1060
1114 1128
1114 1558
1116 197
1116 933
1117 1117
1118 1006
1118 1494
1119 138
1120 1120
1121 197
1121 330
1122 1122
1123 1123
1124 1124
1125 968
1125 1312
1126 1126
1127 1127
1128 97
1128 933
1129 613
1130 90
1130 235
1130 248
1130 373
1130 519
1130 630
1130 664
1130 668
1130 738
1130 778
1130 814
1130 873
1130 890
1130 982
1130 994
1130 1038
1130 1052
1130 1110
1130 1189
1130 1280
1130 1322
1130 1332
1130 1399
1130 1402
1130 1497
1130 1552
1130 1566
1130 1690
1130 1723
1131 414
1131 1130
1131 1367
1132 1198
1132 1206
1132 1297
1134 7
1134 404
1134 543
1134 1164
1134 1639
1135 62
1135 138
1135 246
1135 439
1135 491
1135 949
1135 1013
1135 1592
1135 1650
1135 1713
1136 1136
1137 30
1137 44
1137 138
1137 141
1137 259
1137 368
1137 520
1137 629
1137 923
1137 1025
1137 1113
1137 1230
1137 1264
1137 1286
1137 1333
1137 1394
1137 1640
1137 1669
1138 1135
1139 740
1139 1644
1140 772
1141 1141
1142 476
1142 1480
1143 1143
1144 1144
1145 809
1145 1274
1145 1717
1146 53
1147 53
1147 116
1147 198
1147 515
1147 784
1147 960
1147 994
1147 1346
1147 1384
1147 1745
1148 404
1149 1052
1150 1150
1151 406
1151 1267
1152 877
1152 1114
1152 1212
1152 1640
1153 1153
1154 1054
1155 44
1156 0
1157 161
1157 509
1157 1164
1158 1158
1159 116
1159 325
1159 557
1159 626
1159 685
1159 983
1160 1160
1161 460
1161 787
1163 1752
1164 895
1164 1083
1164 1221
1165 521
1165 627
1165 630
1165 664
1165 703
1165 714
1165 1171
1165 1206
1165 1284
1165 1331
1165 1579
1165 1670
1166 90
1166 1230
1166 1306
1167 1167
1168 512
1169 1504
1170 1170
1171 325
1171 456
1171 651
1171 730
1171 742
1171 785
1171 953
1171 978
1171 1051
1171 1646
1171 1758
1172 1172
1173 794
1174 75
1174 178
1174 400
1174 673
1174 793
1175 0
1175 414
1175 697
1175 770
1175 849
1175 980
1175 1130
1175 1280
1175 1388
1175 1670
1176 1176
1178 252
1178 509
1178 831
1178 969
1178 1219
1178 1252
1178 1346
1178 1485
1178 1569
1178 1722
1179 1179
1180 1440
1180 1441
1181 1181
1182 419
1182 1037
1182 1473
1183 402
1183 1110
1185 1211
1187 794
1187 1302
1188 1135
1188 1747
1190 29
1190 55
1190 267
1190 386
1190 738
1190 958
1190 1523
1190 1569
1192 679
1192 939
1192 1321
1192 1354
1193 1193
1194 99
1194 742
1195 1195
1196 1196
1197 606
1197 613
1197 714
1197 1300
1197 1427
1198 81
1198 769
1198 871
1198 1471
1198 1494
1198 1626
1199 1199
1201 1201
1202 1202
1203 1203
1204 1713
1205 1205
1206 246
1206 596
1206 668
1206 1021
1206 1472
1206 1629
1207 273
1208 1208
1209 1209
1210 508
1210 798
1210 805
1210 1645
1211 512
1211 801
1212 237
1212 556
1212 627
1212 760
1212 1316
1212 1331
1212 1581
1213 1213
1214 1214
1215 567
1215 917
1216 1216
1217 1217
1219 124
1219 244
1219 499
1219 854
1219 943
1219 992
1219 1026
1219 1275
1219 1333
1219 1616
1220 74
1222 1222
1223 17
1223 967
1226 1226
1227 627
1228 1228
1229 1289
1230 197
1230 215
1232 83
1232 413
1234 1234
1235 1235
1236 739
1237 209
1237 421
1237 455
1237 571
1237 921
1237 1522
1237 1714
1239 1473
1241 649
1241 782
1243 981
1244 1244
1245 1245
1246 1246
1247 1247
1248 1014
1248 1648
1249 303
1249 635
1249 1178
1249 1312
1249 1332
1250 1250
1251 71
1251 88
1251 97
1251 1023
1253 246
1253 275
1253 1717
1254 60
1255 1541
1256 1256
1257 1257
1259 1259
1263 261
1264 146
1264 630
1264 688
1264 697
1265 1713
1266 766
1266 1628
1267 1134
1268 137
1268 168
1268 978
1268 1316
1268 1730
1270 1270
1271 1271
1272 966
1272 1346
1273 672
1274 880
1274 1230
1274 1231
1274 1249
1275 382
1275 569
1276 596
1277 252
1277 285
1277 300
1277 1137
1277 1237
1279 553
1279 654
1279 1219
1280 259
1280 949
1280 981
1280 1556
1280 1717
1281 976
1282 246
1282 480
1282 499
1282 798
1282 1033
1282 1253
1282 1569
1282 1675
1283 512
1283 651
1283 978
1283 1171
1283 1274
1283 1581
1283 1622
1284 346
1284 1165
1285 1346
1286 27
1286 71
1288 1288
1289 288
1289 1165
1289 1229
1290 200
1290 494
1290 685
1290 1058
1290 1147
1290 1441
1291 421
1291 635
1291 1543
1292 1661
1293 1293
1294 197
1294 227
1294 439
1294 700
1295 1295
1296 386
1297 36
1297 97
1297 241
1297 246
1297 249
1297 254
1297 268
1297 346
1297 404
1297 531
1297 598
1297 714
1297 1109
1297 1137
1297 1168
1297 1219
1297 1333
1297 1397
1297 1429
1297 1499
1297 1569
1298 1298
1299 1299
1300 69
1300 456
1300 1128
1300 1162
1300 1571
1300 1577
1300 1756
1301 1437
1302 536
1302 1018
1303 1303
1305 623
1305 1641
1306 106
1306 605
1306 737
1306 1166
1308 1171
1308 1664
1309 80
1309 97
1309 380
1309 598
1309 630
1309 809
1309 1130
1309 1190
1309 1358
1309 1626
1309 1722
1310 1310
1311 952
1314 1314
1315 518
1316 71
1316 364
1316 521
1316 684
1316 986
1316 992
1316 1015
1316 1087
1316 1307
1316 1395
1316 1400
1316 1473
1317 146
1317 880
1317 1142
1317 1579
1317 1627
1317 1713
1318 36
1318 220
1318 596
1318 688
1318 737
1318 757
1318 966
1318 1021
1318 1398
1318 1453
1318 1523
1318 1626
1318 1699
1319 1319
1320 1320
1321 424
1321 730
1321 958
1321 1045
1321 1441
1322 373
1322 921
1322 1130
1323 1323
1324 1137
1325 1346
1327 194
1327 478
1328 499
1328 1045
1329 1329
1330 671
1331 1009
1332 71
1332 737
1333 803
1333 948
1333 1116
1333 1316
1333 1568
1334 29
1334 1623
1335 1335
1336 1336
1337 1337
1338 1338
1339 1339
1340 1340
1341 1279
1341 1714
1342 801
1343 1284
1344 1344
1346 407
1346 603
1346 654
1346 684
1346 778
1346 959
1346 968
1346 1091
1346 1197
1346 1269
1346 1272
1346 1387
1346 1459
1346 1534
1346 1645
1346 1659
1347 246
1348 1348
1349 380
1349 1164
1350 1350
1351 1351
1352 532
1354 248
1354 1114
1354 1289
1355 109
1355 958
1355 1008
1355 1500
1355 1618
1358 491
1359 1359
1360 102
1360 1130
1361 1361
1362 1362
1363 1363
1364 1364
1365 1365
1366 1366
1367 478
1367 512
1367 1275
1367 1666
1368 1368
1369 1369
1370 55
1370 112
1370 116
1370 452
1370 525
1370 664
1370 813
1370 960
1370 1102
1370 1108
1370 1175
1370 1198
1370 1628
1370 1661
1370 1703
1370 1750
1372 1372
1373 1373
1374 86
1374 1499
1374 1615
1376 1376
1377 1377
1378 1378
1379 238
1379 1290
1381 1381
1382 375
1383 1383
1384 672
1384 730
1385 1385
1386 222
1386 645
1386 649
1387 85
1387 232
1388 404
1388 952
1388 1102
1388 1114
1388 1130
1388 1164
1388 1354
1388 1576
1389 1375
1390 773
1390 1068
1391 1391
1392 1392
1393 1393
1394 519
1395 118
1395 330
1396 134
1396 737
1397 280
1397 512
1397 776
1397 949
1397 960
1397 987
1397 1109
1397 1219
1397 1309
1397 1332
1397 1485
1397 1750
1398 643
1398 847
1398 1546
1401 1401
1403 1403
1404 1404
1405 1013
1406 237
1406 1268
1407 1407
1408 1408
1409 1409
1410 157
1410 1249
1411 1411
1412 1412
1413 1388
1414 336
1414 1661
1415 1415
1416 1441
1417 512
1417 1297
1418 814
1418 1386
1418 1581
1419 911
1420 100
1420 386
1420 499
1421 1421
1422 1422
1423 1423
1424 44
1424 443
1424 684
1424 1137
1424 1165
1425 1425
1426 1426
1427 1171
1429 1616
1430 1472
1431 80
1431 170
1431 516
1431 649
1431 651
1431 664
1431 811
1431 845
1431 915
1431 933
1431 1052
1431 1253
1431 1424
1431 1626
1432 1137
1432 1190
1432 1305
1432 1547
1432 1610
1433 1433
1434 1241
1435 1435
1436 655
1436 1469
1438 330
1438 425
1438 664
1438 771
1438 1087
1438 1527
1439 1439
1440 60
1440 246
1440 325
1440 618
1440 630
1440 632
1440 649
1440 1180
1441 280
1441 400
1441 685
1441 757
1441 777
1441 801
1441 1478
1441 1481
1442 1367
1443 96
1443 114
1443 689
1443 809
1443 880
1443 939
1444 134
1444 911
1444 1159
1444 1753
1445 1445
1446 20
1446 21
1446 48
1446 769
1446 887
1446 908
1446 1147
1446 1484
1446 1523
1447 1079
1449 1449
1450 1514
1451 200
1451 512
1452 421
1452 474
1452 728
1453 412
1453 1171
1453 1414
1454 1454
1455 1727
1456 1166
1456 1597
1457 642
1458 24
1458 1018
1459 101
1459 959
1460 0
1460 261
1460 396
1460 784
1460 967
1460 1130
1462 1462
1464 1130
1464 1358
1465 938
1466 1466
1467 76
1467 173
1467 1313
1468 1468
1470 255
1471 394
1471 1175
1471 1198
1471 1405
1472 246
1472 261
1472 402
1472 693
1472 870
1472 1626
1473 491
1473 831
1473 1239
1473 1459
1474 839
1475 1475
1476 404
1477 1477
1478 0
1478 255
1479 1130
1480 106
1480 330
1480 548
1480 694
1480 1142
1482 1164
1483 1483
1484 85
1484 255
1484 373
1484 693
1484 1236
1484 1581
1484 1714
1485 261
1485 801
1485 1219
1486 1486
1488 480
1488 627
1488 866
1488 934
1488 1098
1488 1171
1489 1489
1490 966
1491 1491
1492 782
1493 1493
1494 114
1494 227
1494 273
1494 512
1494 567
1494 739
1494 755
1494 798
1494 1043
1494 1280
1494 1441
1494 1497
1494 1696
1494 1743
1495 425
1495 596
1495 866
1495 1448
1495 1626
1496 261
1496 373
1497 40
1497 497
1497 831
1497 1431
1498 1498
1499 967
1499 1297
1501 1309
1502 431
1502 1661
1503 1503
1504 303
1505 244
1505 280
1505 499
1505 597
1505 649
1505 933
1505 971
1505 1574
1506 1506
1507 28
1507 1346
1507 1459
1508 64
1508 69
1508 761
1508 1111
1508 1488
1508 1505
1508 1616
1509 1509
1510 1510
1511 840
1512 1512
1513 1513
1514 314
1514 1114
1514 1171
1514 1312
1515 506
1516 1516
1517 280
1518 1518
1519 1581
1519 1701
1520 1488
1521 1521
1522 1282
1523 149
1523 325
1523 329
1523 429
1523 634
1523 1304
1523 1309
1523 1413
1523 1578
1524 1182
1524 1386
1525 1525
1526 1526
1527 613
1527 1438
1528 1528
1529 1529
1530 1530
1532 1532
1533 1752
1534 90
1534 138
1534 630
1534 888
1534 1431
1535 51
1535 141
1536 1052
1538 567
1539 1539
1540 1692
1541 1255
1542 960
1542 1730
1543 325
1543 1137
1543 1316
1544 244
1544 901
1544 1005
1544 1038
1544 1720
1545 1249
1546 207
1548 1548
1549 1549
1550 1550
1551 1551
1552 325
1552 414
1552 1175
1553 310
1553 1060
1554 1554
1555 1555
1556 102
1556 787
1556 873
1556 901
1556 1112
1557 153
1559 1559
1560 1494
1561 1561
1562 1562
1563 394
1563 561
1563 881
1564 1564
1565 664
1565 669
1565 1432
1566 912
1566 1318
1567 1567
1568 112
1568 703
1568 1206
1569 402
1569 1297
1569 1464
1570 1021
1570 1254
1571 533
1572 1572
1573 1573
1574 1092
1574 1505
1575 1575
1576 805
1576 1249
1579 0
1579 1009
1579 1294
1579 1347
1579 1753
1580 109
1581 969
1581 1283
1581 1577
1582 1239
1582 1448
1582 1534
1583 987
1584 1584
1585 1585
1586 374
1587 684
1589 1589
1590 92
1591 945
1591 1137
1591 1628
1592 373
1592 1615
1593 605
1593 1132
1594 1594
1595 1595
1596 1596
1598 1598
1599 1599
1600 1600
1602 844
1603 1603
1604 1604
1605 1334
1606 1606
1607 236
1607 436
1607 1207
1608 1608
1609 1609
1610 1432
1611 1611
1612 1612
1613 472
1614 1614
1615 255
1615 1206
1615 1438
1616 973
1616 1400
1616 1673
1617 1520
1619 386
1619 509
1619 528
1620 1620
1621 39
1621 246
1621 605
1621 627
1621 708
1621 1424
1622 597
1622 598
1622 737
1622 801
1622 880
1622 1661
1623 273
1623 373
1625 1625
1626 88
1626 197
1626 248
1626 252
1626 1289
1626 1443
1626 1723
1627 346
1627 583
1627 1128
1627 1514
1627 1579
1628 88
1628 478
1628 747
1628 776
1628 1370
1628 1534
1628 1751
1630 195
1630 244
1631 1631
1632 1632
1633 198
1633 330
1633 394
1633 1137
1633 1352
1634 730
1635 128
1635 138
1635 320
1635 420
1635 984
1635 1219
1635 1274
1636 1145
1637 1637
1638 1638
1640 29
1640 554
1640 959
1640 967
1640 1499
1641 1305
1641 1678
1642 1642
1645 244
1645 346
1645 641
1645 794
1645 859
1645 1219
1645 1277
1645 1283
1646 143
1646 252
1646 1138
1646 1171
1647 1647
1648 601
1648 854
1649 1649
1650 36
1650 651
1650 933
1650 1624
1651 764
1651 976
1651 1197
1652 1652
1653 1653
1654 801
1655 1655
1656 1656
1657 1657
1660 951
1661 101
1661 120
1661 261
1661 630
1661 862
1661 1189
1661 1497
1661 1628
1661 1704
1662 134
1662 1713
1663 1663
1664 1171
1665 1388
1666 311
1666 1111
1666 1134
1666 1367
1667 259
1669 1316
1670 0
1670 138
1670 172
1670 1286
1670 1759
1671 1671
1672 1672
1673 439
1673 613
1673 1390
1673 1496
1674 1062
1675 514
1675 1178
1675 1569
1676 552
1677 1677
1678 159
1678 402
1678 632
1678 817
1678 951
1678 1115
1678 1278
1678 1508
1679 1206
1679 1253
1680 815
1681 802
1682 1682
1683 742
1683 773
1685 1130
1685 1388
1686 1686
1688 1688
1689 1689
1690 246
1690 1070
1690 1130
1690 1138
1691 1691
1692 491
1692 803
1692 1049
1693 1693
1694 1694
1695 604
1697 1497
1697 1717
1698 1698
1699 404
1699 500
1699 528
1699 630
1699 1047
1699 1318
1699 1322
1699 1397
1700 1700
1701 212
1701 1218
1702 1024
1704 992
1704 1294
1705 1705
1706 1706
1707 1707
1708 109
1709 1709
1711 785
1711 938
1712 112
1712 1283
1713 221
1713 394
1713 642
1713 649
1713 704
1713 719
1713 845
1713 885
1713 960
1714 739
1714 1147
1715 1715
1716 53
1716 74
1716 133
1716 885
1716 1626
1716 1745
1717 31
1717 719
1717 1009
1717 1212
1717 1229
1717 1253
1717 1697
1717 1742
1718 1718
1719 1719
1720 981
1721 21
1721 146
1722 422
1722 492
1722 1096
1722 1291
1722 1563
1722 1615
1722 1670
1723 1645
1724 1724
1725 1725
1726 1726
1727 60
1728 1728
1729 1534
1729 1750
1730 60
1730 315
1730 1039
1730 1249
1730 1396
1730 1444
1730 1623
1731 1731
1732 1732
1733 651
1735 1735
1736 831
1737 1249
1738 1738
1739 601
1739 782
1739 1224
1739 1240
1739 1552
1739 1710
1740 1740
1741 691
1741 861
1741 1419
1742 126
1742 178
1742 330
1742 386
1742 1406
1742 1472
1743 30
1743 327
1743 330
1743 556
1743 635
1743 1215
1743 1508
1744 1744
1745 109
1745 254
1745 897
1746 265
1746 837
1747 1370
1748 1748
1749 1749
1750 368
1750 742
1750 849
1750 907
1750 967
1750 1397
1750 1400
1750 1729
1751 419
1751 630
1752 234
1752 403
1752 533
1752 1135
1752 1440
1752 1534
1752 1544
1752 1690
1754 487
1755 1746
1756 60
1756 747
1757 29
1757 394
1757 562
1757 926
1757 1431
1758 4
1760 1760
1761 1761
1762 1762
1763 114
1763 396
1763 454
1763 1190
1764 1764
1765 1015
1765 1023
