0 819
1 1679
2 646
3 442
4 811
5 46
6 1406
7 971
8 1227
9 1194
10 267
11 807
12 1170
13 86
14 379
15 563
16 966
17 1722
18 428
19 365
20 1458
21 574
22 1585
23 622
24 1687
25 1098
26 1363
27 644
28 98
29 83
30 352
31 372
32 1223
33 1271
34 1548
35 814
36 1601
37 382
38 1088
39 257
40 668
41 426
42 335
43 1257
44 121
45 984
46 112
47 1202
48 31
49 1379
50 1016
51 1429
52 1143
53 1111
54 485
55 1436
56 995
57 997
58 874
59 275
60 388
61 847
62 401
63 1028
64 1720
65 826
66 50
67 695
68 1358
69 195
70 1214
71 96
72 666
73 1668
74 836
75 374
76 1758
77 123
78 58
79 503
80 60
81 110
82 1180
83 760
84 1589
85 731
86 1054
87 11
88 1523
89 162
90 93
91 236
92 1528
93 240
94 508
95 1703
96 1582
97 217
98 425
99 1748
100 1178
101 1635
102 571
103 598
104 197
105 181
106 806
107 1303
108 409
109 421
110 68
111 1220
112 40
113 973
114 1647
115 5
116 1604
117 1743
118 998
119 919
120 76
121 150
122 1450
123 1712
124 1452
125 1267
126 1049
127 474
128 1624
129 438
130 1434
131 635
132 1476
133 1019
134 338
135 958
136 380
137 891
138 229
139 1557
140 1242
141 358
142 618
143 1090
144 252
145 1319
146 1639
147 1308
148 1660
149 1233
150 1116
151 1097
152 117
153 975
154 1766
155 1345
156 1438
157 1050
158 1735
159 553
160 344
161 880
162 1173
163 1096
164 1047
165 1531
166 154
167 1336
168 946
169 1636
170 476
171 1562
172 580
173 300
174 1287
175 1100
176 1360
177 1681
178 1232
179 1260
180 802
181 449
182 1216
183 1282
184 888
185 493
186 796
187 1009
188 405
189 606
190 220
191 1021
192 1594
193 588
194 341
195 393
196 1584
197 890
198 418
199 1347
200 784
201 1275
202 961
203 1134
204 1538
205 1207
206 1501
207 920
208 1052
209 907
210 1395
211 1286
212 1407
213 464
214 292
215 1534
216 1441
217 766
218 118
219 592
220 1129
221 678
222 1680
223 601
224 456
225 681
226 1278
227 1163
228 1219
229 1508
230 1299
231 1759
232 1464
233 677
234 1473
235 1738
236 377
237 64
238 1237
239 933
240 1280
241 1670
242 262
243 656
244 1353
245 1446
246 92
247 671
248 246
249 718
250 1030
251 450
252 881
253 183
254 945
255 202
256 1611
257 6
258 1008
259 756
260 1324
261 704
262 820
263 24
264 151
265 1394
266 1596
267 809
268 368
269 1362
270 542
271 265
272 551
273 1541
274 1717
275 1752
276 590
277 972
278 419
279 434
280 641
281 233
282 1228
283 1264
284 1293
285 1627
286 1463
287 1036
288 939
289 28
290 1745
291 1572
292 307
293 177
294 1393
295 88
296 486
297 1152
298 309
299 794
300 120
301 617
302 1591
303 1168
304 759
305 727
306 711
307 1460
308 1190
309 682
310 771
311 1626
312 1669
313 280
314 1520
315 174
316 762
317 654
318 929
319 561
320 268
321 1215
322 873
323 1188
324 855
325 1276
326 1148
327 201
328 773
329 904
330 148
331 764
332 314
333 829
334 1592
335 629
336 320
337 215
338 1676
339 1191
340 513
341 219
342 437
343 1355
344 1478
345 1610
346 600
347 1707
348 448
349 386
350 1488
351 1495
352 1665
353 691
354 815
355 673
356 129
357 1342
358 882
359 459
360 1150
361 698
362 585
363 1204
364 302
365 1292
366 1297
367 1578
368 1631
369 837
370 18
371 1515
372 1015
373 1586
374 501
375 407
376 658
377 364
378 416
379 1177
380 525
381 969
382 1487
383 840
384 974
385 1274
386 1505
387 360
388 797
389 993
390 1238
391 128
392 367
393 1352
394 886
395 492
396 575
397 964
398 543
399 602
400 187
401 454
402 988
403 1702
404 100
405 1296
406 1632
407 738
408 1723
409 940
410 145
411 655
412 1563
413 1522
414 44
415 373
416 394
417 1126
418 621
419 1646
420 1149
421 395
422 1361
423 750
424 61
425 250
426 1691
427 1692
428 1226
429 1566
430 967
431 1209
432 1225
433 831
434 610
435 1374
436 757
437 1025
438 838
439 411
440 1698
441 253
442 47
443 632
444 531
445 482
446 577
447 1048
448 84
449 4
450 977
451 552
452 1760
453 1574
454 281
455 835
456 1022
457 312
458 725
459 1440
460 207
461 20
462 228
463 1731
464 684
465 994
466 839
467 1674
468 1564
469 1751
470 1082
471 1279
472 238
473 549
474 209
475 73
476 1341
477 99
478 680
479 1151
480 216
481 981
482 1426
483 1403
484 101
485 828
486 825
487 72
488 519
489 530
490 70
491 81
492 1708
493 1402
494 1312
495 1130
496 1497
497 1248
498 1135
499 1103
500 1715
501 867
502 1290
503 1721
504 444
505 1590
506 475
507 1623
508 25
509 594
510 1334
511 710
512 817
513 237
514 1486
515 408
516 1099
517 921
518 937
519 849
520 889
521 1605
522 883
523 713
524 1496
525 776
526 325
527 1583
528 1273
529 633
530 1332
531 1289
532 1701
533 462
534 1026
535 1306
536 892
537 1399
538 1051
539 491
540 353
541 702
542 445
543 712
544 1630
545 522
546 1258
547 1059
548 1249
549 192
550 852
551 1091
552 515
553 232
554 7
555 3
556 927
557 630
558 1628
559 1231
560 1571
561 297
562 277
563 1323
564 785
565 235
566 1382
567 304
568 786
569 539
570 248
571 747
572 317
573 431
574 692
575 793
576 14
577 1153
578 1251
579 1412
580 1389
581 1659
582 1113
583 607
584 1372
585 1058
586 900
587 249
588 37
589 740
590 67
591 168
592 859
593 71
594 1294
595 1160
596 1437
597 1547
598 136
599 812
600 1675
601 952
602 1343
603 57
604 1229
605 1645
606 1546
607 980
608 1733
609 159
610 1272
611 1664
612 739
613 330
614 576
615 1621
616 703
617 1540
618 562
619 1408
620 53
621 856
622 772
623 572
624 1011
625 1442
626 103
627 1186
628 282
629 587
630 1269
631 1451
632 1470
633 854
634 1039
635 261
636 1309
637 222
638 146
639 30
640 375
641 1713
642 62
643 359
644 557
645 1005
646 1661
647 707
648 1482
649 1398
650 749
651 720
652 264
653 274
654 1555
655 451
656 1648
657 1386
658 51
659 959
660 548
661 172
662 1474
663 166
664 66
665 315
666 1154
667 147
668 122
669 1270
670 135
671 1245
672 1114
673 1432
674 1602
675 1266
676 1552
677 1757
678 158
679 949
680 305
681 834
682 258
683 1524
684 674
685 914
686 460
687 1672
688 1182
689 941
690 1086
691 1456
692 535
693 1
694 21
695 1484
696 726
697 79
698 12
699 1479
700 586
701 1710
702 1714
703 582
704 878
705 936
706 987
707 1017
708 1514
709 439
710 524
711 1700
712 1263
713 556
714 457
715 662
716 1737
717 619
718 63
719 1654
720 650
721 626
722 1076
723 1739
724 1240
725 567
726 1414
727 322
728 1234
729 1106
730 362
731 1236
732 1359
733 689
734 1024
735 777
736 992
737 144
738 1121
739 1753
740 1543
741 1200
742 1764
743 824
744 1083
745 1587
746 1072
747 909
748 1742
749 1444
750 34
751 505
752 761
753 453
754 620
755 298
756 869
757 1415
758 333
759 991
760 337
761 918
762 1142
763 986
764 1695
765 1156
766 769
767 1356
768 500
769 441
770 259
771 1598
772 1430
773 1277
774 1697
775 227
776 290
777 1455
778 1087
779 697
780 113
781 269
782 1120
783 1755
784 1696
785 385
786 251
787 1146
788 1014
789 27
790 1155
791 554
792 1212
793 403
794 1490
795 74
796 1344
797 139
798 1380
799 1448
800 579
801 1650
802 303
803 414
804 378
805 296
806 311
807 1084
808 392
809 194
810 406
811 1391
812 78
813 1066
814 1349
815 1313
816 1410
817 369
818 894
819 1454
820 470
821 1542
822 851
823 115
824 706
825 1747
826 926
827 1140
828 729
829 1147
830 114
831 1174
832 1364
833 624
834 1112
835 1128
836 1138
837 597
838 822
839 1093
840 10
841 514
842 420
843 1472
844 605
845 1222
846 1727
847 741
848 636
849 45
850 664
851 430
852 495
853 724
854 948
855 928
856 1603
857 690
858 1711
859 872
860 452
861 905
862 1071
863 863
864 402
865 293
866 916
867 1428
868 887
869 376
870 717
871 1622
872 102
873 1618
874 1480
875 1400
876 1033
877 842
878 200
879 1750
880 1329
881 584
882 1162
883 983
884 1119
885 1682
886 1255
887 1427
888 730
889 885
890 26
891 1259
892 699
893 985
894 999
895 210
896 1261
897 1684
898 1756
899 813
900 1169
901 527
902 648
903 1732
904 1020
905 780
906 350
907 787
908 569
909 1558
910 458
911 472
912 683
913 105
914 1187
915 1499
916 1340
917 536
918 108
919 1284
920 714
921 1164
922 843
923 173
924 1045
925 286
926 287
927 1184
928 1554
929 389
930 870
931 728
932 155
933 1006
934 845
935 354
936 1617
937 951
938 1124
939 1198
940 1001
941 1061
942 499
943 176
944 127
945 1253
946 611
947 125
948 301
949 1171
950 675
951 917
952 22
953 1110
954 1265
955 41
956 1305
957 595
958 477
959 1762
960 1335
961 955
962 1081
963 701
964 82
965 371
966 1055
967 1376
968 329
969 1246
970 1105
971 559
972 783
973 1730
974 134
975 351
976 645
977 564
978 846
979 19
980 1122
981 334
982 716
983 1690
984 1101
985 908
986 288
987 1579
988 685
989 960
990 1137
991 1316
992 1032
993 178
994 686
995 1133
996 186
997 976
998 1197
999 160
1000 1447
1001 140
1002 893
1003 1671
1004 520
1005 478
1006 1102
1007 640
1008 1118
1009 693
1010 1633
1011 1371
1012 466
1013 659
1014 1693
1015 1567
1016 1559
1017 169
1018 546
1019 29
1020 1581
1021 1706
1022 116
1023 1125
1024 924
1025 1556
1026 263
1027 1060
1028 1656
1029 339
1030 206
1031 634
1032 1431
1033 1492
1034 521
1035 844
1036 778
1037 1034
1038 43
1039 1570
1040 203
1041 841
1042 912
1043 205
1044 661
1045 1530
1046 225
1047 1337
1048 1381
1049 754
1050 1192
1051 1166
1052 541
1053 1494
1054 310
1055 1416
1056 1619
1057 604
1058 803
1059 1107
1060 956
1061 1615
1062 1003
1063 1516
1064 502
1065 1224
1066 833
1067 533
1068 1189
1069 832
1070 1012
1071 417
1072 1569
1073 143
1074 1502
1075 90
1076 1326
1077 694
1078 1304
1079 1321
1080 555
1081 349
1082 191
1083 17
1084 278
1085 1165
1086 1741
1087 943
1088 938
1089 1330
1090 479
1091 1504
1092 989
1093 758
1094 1459
1095 1346
1096 85
1097 23
1098 990
1099 953
1100 1475
1101 1388
1102 1283
1103 97
1104 1354
1105 1281
1106 1666
1107 821
1108 1145
1109 932
1110 748
1111 1357
1112 488
1113 279
1114 1424
1115 255
1116 1532
1117 534
1118 170
1119 660
1120 256
1121 871
1122 241
1123 399
1124 1002
1125 1175
1126 342
1127 663
1128 1667
1129 1525
1130 1250
1131 1210
1132 669
1133 667
1134 126
1135 1642
1136 1193
1137 324
1138 1023
1139 1457
1140 1507
1141 48
1142 1580
1143 1221
1144 529
1145 1719
1146 861
1147 189
1148 1651
1149 1043
1150 1161
1151 560
1152 603
1153 483
1154 480
1155 950
1156 923
1157 132
1158 1467
1159 384
1160 142
1161 106
1162 156
1163 1725
1164 1754
1165 299
1166 1678
1167 283
1168 1405
1169 212
1170 1325
1171 1449
1172 504
1173 13
1174 1418
1175 1073
1176 1239
1177 306
1178 1716
1179 1185
1180 109
1181 487
1182 614
1183 1115
1184 1553
1185 1183
1186 1568
1187 254
1188 1673
1189 781
1190 104
1191 800
1192 623
1193 1318
1194 528
1195 69
1196 643
1197 182
1198 436
1199 962
1200 1131
1201 879
1202 628
1203 1065
1204 91
1205 266
1206 336
1207 1599
1208 512
1209 751
1210 1038
1211 765
1212 734
1213 743
1214 672
1215 366
1216 523
1217 1333
1218 1461
1219 1311
1220 285
1221 930
1222 1704
1223 247
1224 1588
1225 16
1226 774
1227 742
1228 133
1229 244
1230 978
1231 1404
1232 1262
1233 75
1234 1417
1235 1536
1236 723
1237 55
1238 415
1239 1560
1240 779
1241 518
1242 1095
1243 1529
1244 413
1245 1736
1246 1607
1247 498
1248 583
1249 1613
1250 1247
1251 321
1252 226
1253 1109
1254 284
1255 65
1256 901
1257 591
1258 1694
1259 340
1260 208
1261 497
1262 161
1263 1013
1264 688
1265 432
1266 164
1267 868
1268 593
1269 547
1270 153
1271 1141
1272 608
1273 1056
1274 1104
1275 1577
1276 190
1277 627
1278 516
1279 789
1280 1070
1281 42
1282 1203
1283 494
1284 1420
1285 589
1286 517
1287 80
1288 39
1289 363
1290 323
1291 1565
1292 1765
1293 1367
1294 455
1295 687
1296 0
1297 1075
1298 1368
1299 463
1300 1079
1301 1331
1302 471
1303 2
1304 1295
1305 653
1306 87
1307 443
1308 1640
1309 1609
1310 138
1311 1241
1312 1041
1313 823
1314 1074
1315 467
1316 1465
1317 1658
1318 679
1319 95
1320 850
1321 59
1322 1213
1323 54
1324 616
1325 1375
1326 1421
1327 1469
1328 830
1329 1397
1330 396
1331 124
1332 348
1333 198
1334 1549
1335 1199
1336 898
1337 400
1338 1307
1339 1366
1340 347
1341 744
1342 1159
1343 982
1344 1491
1345 390
1346 613
1347 935
1348 798
1349 700
1350 294
1351 1468
1352 391
1353 1689
1354 906
1355 651
1356 318
1357 1035
1358 1327
1359 1108
1360 736
1361 141
1362 915
1363 1390
1364 1322
1365 355
1366 544
1367 1485
1368 1746
1369 755
1370 1004
1371 1062
1372 1217
1373 910
1374 137
1375 1123
1376 1734
1377 308
1378 1686
1379 509
1380 1268
1381 1018
1382 804
1383 970
1384 1612
1385 410
1386 1419
1387 1544
1388 1254
1389 1010
1390 801
1391 1471
1392 657
1393 1044
1394 1206
1395 506
1396 1396
1397 36
1398 799
1399 167
1400 1443
1401 412
1402 732
1403 770
1404 1677
1405 152
1406 429
1407 1370
1408 1729
1409 1551
1410 1527
1411 199
1412 1378
1413 596
1414 1230
1415 490
1416 1500
1417 631
1418 221
1419 954
1420 234
1421 1616
1422 1511
1423 768
1424 1597
1425 1302
1426 581
1427 1157
1428 163
1429 947
1430 1519
1431 1683
1432 538
1433 1042
1434 1593
1435 1699
1436 1235
1437 1643
1438 1662
1439 239
1440 381
1441 397
1442 782
1443 1685
1444 1243
1445 1068
1446 860
1447 327
1448 223
1449 404
1450 424
1451 827
1452 1291
1453 422
1454 897
1455 1644
1456 1387
1457 179
1458 510
1459 224
1460 131
1461 185
1462 792
1463 1517
1464 1413
1465 1453
1466 231
1467 149
1468 753
1469 1657
1470 1132
1471 708
1472 38
1473 346
1474 1029
1475 157
1476 1576
1477 1218
1478 1037
1479 735
1480 295
1481 111
1482 875
1483 15
1484 979
1485 911
1486 965
1487 1064
1488 642
1489 896
1490 934
1491 1483
1492 864
1493 343
1494 32
1495 1252
1496 1763
1497 968
1498 1339
1499 1384
1500 1300
1501 1481
1502 1069
1503 1533
1504 1139
1505 345
1506 853
1507 1211
1508 473
1509 398
1510 357
1511 1545
1512 866
1513 1634
1514 1078
1515 440
1516 1077
1517 1629
1518 1317
1519 877
1520 578
1521 737
1522 719
1523 33
1524 862
1525 243
1526 1535
1527 273
1528 1301
1529 1328
1530 913
1531 532
1532 1285
1533 1315
1534 468
1535 1477
1536 489
1537 260
1538 49
1539 649
1540 1057
1541 540
1542 1641
1543 1493
1544 1089
1545 1094
1546 895
1547 272
1548 1092
1549 1423
1550 805
1551 1046
1552 1537
1553 1000
1554 507
1555 722
1556 496
1557 130
1558 808
1559 1338
1560 1550
1561 1462
1562 1080
1563 1369
1564 289
1565 558
1566 1348
1567 326
1568 1705
1569 922
1570 788
1571 1655
1572 1509
1573 1365
1574 1144
1575 1526
1576 1298
1577 218
1578 89
1579 957
1580 1409
1581 1179
1582 795
1583 1425
1584 1718
1585 469
1586 313
1587 1521
1588 481
1589 1539
1590 1600
1591 8
1592 1181
1593 1728
1594 746
1595 1439
1596 423
1597 1244
1598 709
1599 638
1600 1709
1601 816
1602 1176
1603 652
1604 721
1605 566
1606 319
1607 599
1608 1489
1609 676
1610 484
1611 119
1612 188
1613 1688
1614 1167
1615 1205
1616 715
1617 1040
1618 1007
1619 1445
1620 447
1621 511
1622 276
1623 1724
1624 858
1625 204
1626 1411
1627 1466
1628 387
1629 1614
1630 526
1631 670
1632 1663
1633 1373
1634 214
1635 1063
1636 331
1637 1608
1638 733
1639 1606
1640 94
1641 1422
1642 1506
1643 165
1644 696
1645 211
1646 77
1647 1573
1648 1136
1649 609
1650 1513
1651 537
1652 884
1653 1575
1654 171
1655 996
1656 647
1657 1433
1658 899
1659 1027
1660 1208
1661 876
1662 615
1663 196
1664 1067
1665 316
1666 1401
1667 291
1668 1158
1669 433
1670 1201
1671 848
1672 1740
1673 435
1674 625
1675 1195
1676 1637
1677 230
1678 1561
1679 1031
1680 1744
1681 356
1682 1320
1683 791
1684 963
1685 370
1686 332
1687 1761
1688 270
1689 1172
1690 1350
1691 245
1692 705
1693 213
1694 35
1695 1653
1696 573
1697 1620
1698 1652
1699 775
1700 1625
1701 550
1702 944
1703 1053
1704 461
1705 1383
1706 1196
1707 383
1708 1392
1709 745
1710 328
1711 767
1712 1256
1713 1503
1714 52
1715 1117
1716 242
1717 568
1718 9
1719 565
1720 790
1721 857
1722 763
1723 193
1724 175
1725 1085
1726 1518
1727 180
1728 1638
1729 931
1730 639
1731 637
1732 1512
1733 570
1734 752
1735 361
1736 818
1737 271
1738 465
1739 184
1740 810
1741 1310
1742 865
1743 1288
1744 1435
1745 56
1746 427
1747 545
1748 107
1749 1595
1750 1314
1751 1498
1752 1749
1753 925
1754 1510
1755 1377
1756 612
1757 446
1758 942
1759 903
1760 1649
1761 902
1762 1351
1763 1127
1764 665
1765 1385
1766 1726
